63128,0.00,0.04,0.00,-0.63,-1,0.00,0.00
63138,0.00,0.04,0.00,-0.77,-4,0.00,0.00
63149,0.00,0.03,0.00,-0.86,-8,0.00,0.00
63159,0.00,0.02,0.00,-0.80,-12,0.00,0.00
63169,0.00,0.01,0.00,-1.06,-18,0.00,0.00
63179,0.00,-0.00,0.00,-1.03,-24,0.00,0.00
63190,0.00,-0.01,0.00,-0.99,-30,0.00,0.00
63199,0.00,-0.02,0.00,-0.98,-36,0.00,0.00
63209,0.00,-0.03,0.00,-0.99,-43,0.00,0.00
63219,0.00,-0.04,0.00,-0.99,-50,0.00,0.00
63229,-0.01,-0.05,-1.25,-1.05,-59,0.00,0.00
63239,-0.01,-0.06,0.00,-0.89,-67,0.00,0.00
63249,-0.03,-0.07,-1.25,-0.82,-76,0.00,0.00
63259,-0.04,-0.08,-1.25,-0.68,-84,0.00,0.00
63269,-0.06,-0.08,-2.50,-0.44,-92,0.00,0.00
63279,-0.08,-0.08,-1.25,-0.16,-97,0.00,0.00
63289,-0.12,-0.08,-5.00,0.14,-103,0.00,0.00
63299,-0.16,-0.08,-3.75,0.42,-106,0.00,0.00
63309,-0.21,-0.07,-5.00,0.75,-108,0.00,0.00
63320,-0.27,-0.06,-6.25,1.12,-108,0.00,0.00
63330,-0.34,-0.04,-6.25,1.41,-106,0.00,0.00
63340,-0.41,-0.03,-7.50,1.66,-103,0.00,0.00
63350,-0.47,-0.01,-6.25,1.71,-98,0.00,0.00
63361,-0.55,0.01,-7.50,1.85,-92,0.00,0.00
63370,-0.63,0.03,-7.50,1.75,-86,0.00,0.00
63380,-0.70,0.04,-7.50,1.71,-80,0.00,0.00
63390,-0.76,0.06,-6.25,1.38,-74,0.00,0.00
63400,-0.84,0.07,-7.50,1.24,-70,0.00,0.00
63410,-0.89,0.08,-5.00,1.31,-63,0.00,0.00
63420,-0.94,0.09,-5.00,0.99,-58,0.00,0.00
63430,-0.99,0.10,-5.00,0.79,-54,0.00,0.00
63440,-1.02,0.11,-3.75,0.51,-50,0.00,0.00
63450,-1.08,0.11,-5.00,0.21,-49,0.00,0.00
63460,-1.11,0.10,-3.75,-0.65,-53,0.00,0.00
63470,-1.15,0.09,-3.75,-0.96,-59,0.00,0.00
63480,-1.17,0.08,-2.50,-1.05,-65,0.00,0.00
63490,-1.20,0.07,-2.50,-1.06,-72,0.00,0.00
63500,-1.23,0.06,-2.50,-0.70,-77,0.00,0.00
63510,-1.27,0.06,-5.00,-0.56,-83,0.00,0.00
63520,-1.31,0.05,-3.75,-0.37,-87,0.00,0.00
63531,-1.36,0.05,-5.00,-0.14,-91,0.00,0.00
63540,-1.41,0.06,-5.00,0.30,-92,0.00,0.00
63550,-1.48,0.06,-6.25,0.40,-93,0.00,0.00
63560,-1.52,0.07,-5.00,0.68,-92,0.00,0.00
63570,-1.60,0.07,-7.50,0.79,-92,0.00,0.00
63580,-1.65,0.08,-5.00,1.01,-88,0.00,0.00
63590,-1.73,0.09,-7.50,0.94,-86,0.00,0.00
63600,-1.80,0.11,-7.50,1.19,-82,0.00,0.00
63610,-1.88,0.12,-7.50,1.10,-78,0.00,0.00
63620,-1.94,0.13,-6.25,1.10,-73,0.00,0.00
63630,-2.01,0.14,-7.50,1.06,-69,0.00,0.00
63640,-2.06,0.15,-5.00,1.01,-63,0.00,0.00
63650,-2.14,0.16,-7.50,1.10,-58,0.00,0.00
63661,-2.19,0.17,-5.00,1.05,-51,0.00,0.00
63671,-2.24,0.18,-5.00,1.01,-44,0.00,0.00
63681,-2.29,0.18,-5.00,-0.07,-43,0.00,0.00
63691,-2.34,0.18,-5.00,-0.33,-44,0.00,0.00
63702,-2.38,0.17,-3.75,-0.63,-47,0.00,0.00
63711,-2.40,0.16,-2.50,-0.65,-49,0.00,0.00
63721,-2.43,0.16,-2.50,-0.77,-52,0.00,0.00
63731,-2.46,0.15,-3.75,-0.98,-58,0.00,0.00
63741,-2.50,0.14,-3.75,-1.03,-65,0.00,0.00
63751,-2.53,0.13,-2.50,-1.06,-72,0.00,0.00
63761,-2.58,0.12,-5.00,-0.86,-80,0.00,0.00
63771,-2.61,0.11,-3.75,-0.38,-84,0.00,0.00
63781,-2.65,0.11,-3.75,-0.02,-86,0.00,0.00
63791,-2.70,0.12,-5.00,0.42,-86,0.00,0.00
63801,-2.78,0.12,-7.50,0.44,-88,0.00,0.00
63811,-2.83,0.13,-5.00,0.79,-85,0.00,0.00
63821,-2.90,0.14,-7.50,1.06,-82,0.00,0.00
63832,-2.98,0.15,-7.50,1.19,-78,0.00,0.00
63842,-3.03,0.16,-5.00,1.27,-71,0.00,0.00
63852,-3.10,0.18,-7.50,1.20,-66,0.00,0.00
63862,-3.18,0.19,-7.50,1.31,-60,0.00,0.00
63873,-3.23,0.20,-5.00,1.24,-52,0.00,0.00
63882,-3.28,0.21,-5.00,1.29,-43,0.00,0.00
63892,-3.33,0.22,-5.00,0.56,-39,0.00,0.00
63902,-3.36,0.22,-3.75,-0.21,-38,0.00,0.00
63912,-3.40,0.22,-3.75,-0.09,-37,0.00,0.00
63922,-3.43,0.21,-2.50,-0.37,-37,0.00,0.00
63932,-3.45,0.21,-2.50,-0.68,-39,0.00,0.00
63942,-3.48,0.20,-2.50,-0.84,-42,0.00,0.00
63952,-3.50,0.19,-2.50,-0.79,-46,0.00,0.00
63962,-3.53,0.18,-2.50,-0.84,-50,0.00,0.00
63972,-3.55,0.17,-2.50,-0.87,-55,0.00,0.00
63982,-3.58,0.17,-2.50,-0.84,-60,0.00,0.00
63992,-3.63,0.16,-5.00,-0.84,-67,0.00,0.00
64002,-3.65,0.15,-2.50,-0.82,-73,0.00,0.00
64012,-3.69,0.15,-3.75,-0.07,-75,0.00,0.00
64022,-3.73,0.15,-3.75,0.35,-75,0.00,0.00
64032,-3.78,0.16,-5.00,0.45,-75,0.00,0.00
64043,-3.83,0.17,-5.00,0.94,-71,0.00,0.00
64052,-3.88,0.18,-5.00,1.03,-67,0.00,0.00
64062,-3.93,0.19,-5.00,1.01,-62,0.00,0.00
64072,-4.00,0.20,-7.50,1.05,-59,0.00,0.00
64082,-4.05,0.21,-5.00,1.13,-53,0.00,0.00
64092,-4.09,0.22,-3.75,1.20,-45,0.00,0.00
64102,-4.13,0.23,-3.75,1.27,-36,0.00,0.00
64112,-4.18,0.24,-5.00,0.42,-33,0.00,0.00
64122,-4.21,0.24,-3.75,0.03,-32,0.00,0.00
64132,-4.24,0.24,-2.50,0.05,-30,0.00,0.00
64142,-4.25,0.23,-1.25,-0.40,-30,0.00,0.00
64152,-4.28,0.23,-2.50,-0.63,-32,0.00,0.00
64162,-4.30,0.22,-2.50,-0.54,-34,0.00,0.00
64173,-4.31,0.22,-1.25,-0.61,-36,0.00,0.00
64183,-4.32,0.21,-1.25,-0.58,-38,0.00,0.00
64193,-4.35,0.20,-2.50,-0.63,-41,0.00,0.00
64203,-4.38,0.20,-2.50,-0.61,-45,0.00,0.00
64214,-4.38,0.19,0.00,-0.54,-47,0.00,0.00
64223,-4.40,0.19,-2.50,-0.49,-50,0.00,0.00
64233,-4.43,0.18,-2.50,-0.44,-53,0.00,0.00
64243,-4.45,0.18,-2.50,-0.35,-56,0.00,0.00
64253,-4.49,0.18,-3.75,0.09,-57,0.00,0.00
64263,-4.53,0.18,-3.75,0.19,-58,0.00,0.00
64273,-4.55,0.19,-2.50,0.47,-56,0.00,0.00
64283,-4.57,0.19,-2.50,0.63,-53,0.00,0.00
64293,-4.63,0.20,-5.00,0.80,-50,0.00,0.00
64303,-4.65,0.21,-2.50,0.86,-45,0.00,0.00
64313,-4.70,0.22,-5.00,0.93,-41,0.00,0.00
64323,-4.73,0.23,-2.50,1.03,-34,0.00,0.00
64333,-4.75,0.24,-2.50,1.17,-25,0.00,0.00
64344,-4.78,0.25,-2.50,0.52,-20,0.00,0.00
64354,-4.79,0.24,-1.25,-0.12,-18,0.00,0.00
64364,-4.81,0.24,-2.50,-0.14,-17,0.00,0.00
64374,-4.81,0.24,0.00,-0.09,-14,0.00,0.00
64385,-4.82,0.23,-1.25,-0.91,-18,0.00,0.00
64394,-4.82,0.23,0.00,-0.75,-20,0.00,0.00
64404,-4.82,0.22,0.00,-0.59,-21,0.00,0.00
64414,-4.82,0.21,0.00,-0.54,-22,0.00,0.00
64424,-4.84,0.21,-1.25,-0.59,-25,0.00,0.00
64434,-4.84,0.20,0.00,-0.63,-27,0.00,0.00
64444,-4.84,0.20,0.00,-0.65,-30,0.00,0.00
64454,-4.84,0.19,0.00,-0.56,-33,0.00,0.00
64464,-4.85,0.19,-1.25,-0.45,-36,0.00,0.00
64474,-4.85,0.18,0.00,-0.40,-38,0.00,0.00
64484,-4.85,0.18,0.00,-0.37,-40,0.00,0.00
64494,-4.88,0.18,-2.50,-0.31,-44,0.00,0.00
64504,-4.89,0.17,-1.25,-0.28,-47,0.00,0.00
64514,-4.90,0.17,-1.25,-0.19,-49,0.00,0.00
64524,-4.93,0.17,-2.50,0.37,-49,0.00,0.00
64534,-4.95,0.18,-2.50,0.59,-47,0.00,0.00
64544,-4.95,0.19,0.00,0.72,-42,0.00,0.00
64555,-4.98,0.20,-2.50,0.96,-37,0.00,0.00
64564,-5.00,0.21,-2.50,1.01,-31,0.00,0.00
64574,-5.03,0.22,-2.50,1.06,-24,0.00,0.00
64584,-5.04,0.23,-1.25,1.12,-16,0.00,0.00
64594,-5.05,0.24,-1.25,1.10,-7,0.00,0.00
64604,-5.05,0.24,0.00,0.16,-3,0.00,0.00
64614,-5.05,0.24,0.00,-0.14,-1,0.00,0.00
64624,-5.05,0.24,0.00,-0.23,0,0.00,0.00
64634,-5.05,0.23,0.00,-0.28,0,0.00,0.00
64644,-5.05,0.23,0.00,-0.14,1,0.00,0.00
64654,-5.05,0.23,0.00,-0.05,2,0.00,0.00
64664,-5.05,0.23,0.00,-0.10,3,0.00,0.00
64674,-5.05,0.23,0.00,-0.02,4,0.00,0.00
64685,-5.05,0.23,0.00,0.26,7,0.00,0.00
64695,-5.05,0.24,0.00,0.24,10,0.00,0.00
64705,-5.05,0.24,0.00,0.35,14,0.00,0.00
64715,-5.05,0.24,0.00,0.44,19,0.00,0.00
64726,-5.05,0.25,0.00,0.44,24,0.00,0.00
64735,-5.05,0.25,0.00,0.49,29,0.00,0.00
64745,-5.05,0.26,0.00,0.56,35,0.00,0.00
64755,-5.05,0.27,0.00,0.61,42,0.00,0.00
64765,-5.04,0.27,1.25,0.54,49,0.00,0.00
64775,-5.04,0.27,0.00,0.26,54,0.00,0.00
64785,-5.03,0.28,1.25,0.44,61,0.00,0.00
64795,-5.03,0.28,0.00,0.28,66,0.00,0.00
64805,-5.01,0.28,1.25,0.03,71,0.00,0.00
64815,-4.99,0.28,2.50,-0.09,76,0.00,0.00
64825,-4.96,0.28,2.50,-0.45,79,0.00,0.00
64835,-4.93,0.27,3.75,-0.84,80,0.00,0.00
64845,-4.89,0.26,3.75,-1.10,79,0.00,0.00
64856,-4.84,0.24,5.00,-1.17,78,0.00,0.00
64866,-4.80,0.23,3.75,-1.52,73,0.00,0.00
64876,-4.75,0.21,5.00,-1.62,68,0.00,0.00
64886,-4.70,0.20,5.00,-1.47,63,0.00,0.00
64897,-4.65,0.18,5.00,-1.43,58,0.00,0.00
64906,-4.60,0.17,5.00,-1.48,52,0.00,0.00
64916,-4.56,0.16,3.75,-1.40,45,0.00,0.00
64926,-4.53,0.14,3.75,-1.33,38,0.00,0.00
64936,-4.50,0.13,2.50,-1.08,31,0.00,0.00
64946,-4.48,0.13,2.50,-0.58,27,0.00,0.00
64956,-4.45,0.12,2.50,-0.44,24,0.00,0.00
64966,-4.43,0.12,2.50,0.33,26,0.00,0.00
64976,-4.41,0.13,1.25,0.58,28,0.00,0.00
64986,-4.41,0.14,0.00,0.66,30,0.00,0.00
64996,-4.40,0.14,1.25,0.77,34,0.00,0.00
65006,-4.40,0.15,0.00,0.79,38,0.00,0.00
65016,-4.39,0.16,1.25,0.80,43,0.00,0.00
65026,-4.38,0.17,1.25,0.82,49,0.00,0.00
65036,-4.35,0.18,2.50,0.89,56,0.00,0.00
65046,-4.35,0.18,0.00,0.66,61,0.00,0.00
65056,-4.32,0.18,2.50,-0.05,63,0.00,0.00
65067,-4.30,0.18,2.50,-0.16,64,0.00,0.00
65076,-4.28,0.18,2.50,-0.26,65,0.00,0.00
65086,-4.24,0.17,3.75,-0.66,64,0.00,0.00
65096,-4.20,0.17,3.75,-0.68,62,0.00,0.00
65106,-4.16,0.16,3.75,-0.91,59,0.00,0.00
65116,-4.13,0.15,3.75,-0.93,55,0.00,0.00
65126,-4.09,0.14,3.75,-1.05,50,0.00,0.00
65136,-4.05,0.13,3.75,-0.99,45,0.00,0.00
65146,-4.01,0.12,3.75,-0.99,40,0.00,0.00
65156,-3.99,0.11,2.50,-1.01,33,0.00,0.00
65166,-3.95,0.10,3.75,-1.03,27,0.00,0.00
65176,-3.93,0.09,2.50,-0.66,22,0.00,0.00
65186,-3.93,0.09,0.00,0.23,21,0.00,0.00
65197,-3.90,0.10,2.50,0.26,22,0.00,0.00
65207,-3.90,0.10,0.00,0.58,23,0.00,0.00
65217,-3.89,0.11,1.25,0.91,27,0.00,0.00
65227,-3.89,0.12,0.00,0.87,31,0.00,0.00
65238,-3.89,0.13,0.00,0.86,35,0.00,0.00
65247,-3.89,0.14,0.00,0.87,39,0.00,0.00
65257,-3.88,0.15,1.25,0.96,45,0.00,0.00
65267,-3.88,0.16,0.00,0.99,51,0.00,0.00
65277,-3.86,0.16,1.25,0.82,57,0.00,0.00
65287,-3.85,0.17,1.25,0.26,60,0.00,0.00
65297,-3.83,0.16,2.50,-0.28,61,0.00,0.00
65307,-3.80,0.16,2.50,-0.38,61,0.00,0.00
65317,-3.78,0.15,2.50,-0.49,60,0.00,0.00
65327,-3.74,0.15,3.75,-0.61,59,0.00,0.00
65337,-3.70,0.14,3.75,-1.03,55,0.00,0.00
65347,-3.68,0.13,2.50,-1.08,49,0.00,0.00
65357,-3.64,0.12,3.75,-1.03,44,0.00,0.00
65368,-3.60,0.11,3.75,-1.01,39,0.00,0.00
65378,-3.58,0.10,2.50,-1.05,32,0.00,0.00
65388,-3.55,0.09,2.50,-1.06,25,0.00,0.00
65398,-3.53,0.08,2.50,-0.35,22,0.00,0.00
65409,-3.50,0.08,2.50,0.07,22,0.00,0.00
65418,-3.50,0.08,0.00,0.09,20,0.00,0.00
65428,-3.50,0.09,0.00,0.31,20,0.00,0.00
65438,-3.49,0.09,1.25,0.68,23,0.00,0.00
65448,-3.49,0.10,0.00,0.84,26,0.00,0.00
65458,-3.49,0.11,0.00,0.86,30,0.00,0.00
65468,-3.49,0.12,0.00,0.79,34,0.00,0.00
65478,-3.48,0.13,1.25,0.73,39,0.00,0.00
65488,-3.48,0.13,0.00,0.72,43,0.00,0.00
65498,-3.48,0.14,0.00,0.72,47,0.00,0.00
65508,-3.45,0.15,2.50,0.58,53,0.00,0.00
65518,-3.45,0.14,0.00,-0.14,52,0.00,0.00
65528,-3.43,0.14,2.50,-0.30,52,0.00,0.00
65538,-3.40,0.14,2.50,-0.26,52,0.00,0.00
65548,-3.38,0.13,2.50,-0.79,49,0.00,0.00
65558,-3.35,0.12,2.50,-0.73,46,0.00,0.00
65568,-3.33,0.12,2.50,-0.79,42,0.00,0.00
65579,-3.30,0.11,2.50,-0.80,38,0.00,0.00
65588,-3.28,0.10,2.50,-0.84,33,0.00,0.00
65598,-3.25,0.09,2.50,-0.89,28,0.00,0.00
65608,-3.25,0.08,0.00,-0.96,20,0.00,0.00
65618,-3.23,0.08,2.50,-0.52,16,0.00,0.00
65628,-3.23,0.08,0.00,0.00,14,0.00,0.00
65638,-3.21,0.08,1.25,0.17,14,0.00,0.00
65648,-3.21,0.08,0.00,0.49,15,0.00,0.00
65658,-3.21,0.09,0.00,0.61,17,0.00,0.00
65668,-3.21,0.09,0.00,0.49,18,0.00,0.00
65678,-3.21,0.10,0.00,0.37,19,0.00,0.00
65688,-3.21,0.10,0.00,0.28,19,0.00,0.00
65698,-3.21,0.10,0.00,0.16,19,0.00,0.00
65709,-3.20,0.10,1.25,0.09,19,0.00,0.00
65719,-3.20,0.10,0.00,0.14,19,0.00,0.00
65729,-3.20,0.11,0.00,0.23,19,0.00,0.00
65739,-3.20,0.11,0.00,0.21,19,0.00,0.00
65750,-3.20,0.11,0.00,0.31,20,0.00,0.00
65759,-3.20,0.11,0.00,0.30,21,0.00,0.00
65769,-3.20,0.12,0.00,0.23,22,0.00,0.00
65779,-3.20,0.12,0.00,0.19,23,0.00,0.00
65789,-3.20,0.12,0.00,0.14,23,0.00,0.00
65799,-3.20,0.12,0.00,0.10,23,0.00,0.00
65809,-3.20,0.12,0.00,0.07,23,0.00,0.00
65819,-3.20,0.12,0.00,0.03,23,0.00,0.00
65829,-3.20,0.12,0.00,0.16,24,0.00,0.00
65839,-3.20,0.13,0.00,0.21,25,0.00,0.00
65849,-3.20,0.13,0.00,0.19,26,0.00,0.00
65859,-3.20,0.13,0.00,0.17,27,0.00,0.00
65869,-3.20,0.13,0.00,0.14,28,0.00,0.00
65880,-3.20,0.13,0.00,0.12,29,0.00,0.00
65890,-3.20,0.13,0.00,0.10,30,0.00,0.00
65900,-3.20,0.13,0.00,0.09,31,0.00,0.00
65910,-3.20,0.13,0.00,0.09,32,0.00,0.00
65921,-3.20,0.14,0.00,0.09,33,0.00,0.00
65930,-3.20,0.14,0.00,0.09,34,0.00,0.00
65940,-3.20,0.14,0.00,0.07,35,0.00,0.00
65950,-3.20,0.14,0.00,0.05,36,0.00,0.00
65960,-3.19,0.14,1.25,-0.05,37,0.00,0.00
65970,-3.19,0.13,0.00,-0.28,35,0.00,0.00
65980,-3.19,0.13,0.00,-0.33,33,0.00,0.00
65990,-3.18,0.13,1.25,-0.33,32,0.00,0.00
66000,-3.18,0.12,0.00,-0.33,30,0.00,0.00
66010,-3.16,0.12,1.25,-0.37,28,0.00,0.00
66020,-3.16,0.12,0.00,-0.38,25,0.00,0.00
66030,-3.15,0.11,1.25,-0.40,23,0.00,0.00
66040,-3.14,0.11,1.25,-0.44,20,0.00,0.00
66050,-3.14,0.10,0.00,-0.45,16,0.00,0.00
66060,-3.14,0.10,0.00,-0.09,14,0.00,0.00
66070,-3.14,0.10,0.00,-0.03,13,0.00,0.00
66080,-3.14,0.10,0.00,-0.10,11,0.00,0.00
66091,-3.14,0.10,0.00,-0.17,9,0.00,0.00
66100,-3.14,0.10,0.00,-0.21,6,0.00,0.00
66110,-3.14,0.10,0.00,-0.23,3,0.00,0.00
66120,-3.14,0.09,0.00,-0.28,0,0.00,0.00
66130,-3.14,0.09,0.00,-0.26,-2,0.00,0.00
66140,-3.14,0.09,0.00,-0.10,-3,0.00,0.00
66150,-3.14,0.09,0.00,-0.17,-5,0.00,0.00
66160,-3.14,0.08,0.00,-0.26,-8,0.00,0.00
66170,-3.14,0.08,0.00,-0.37,-11,0.00,0.00
66180,-3.14,0.08,0.00,-0.44,-15,0.00,0.00
66190,-3.14,0.07,0.00,-0.37,-19,0.00,0.00
66200,-3.14,0.07,0.00,-0.31,-22,0.00,0.00
66210,-3.14,0.07,0.00,-0.40,-26,0.00,0.00
66221,-3.14,0.06,0.00,-0.31,-30,0.00,0.00
66231,-3.15,0.06,-1.25,-0.35,-35,0.00,0.00
66241,-3.16,0.06,-1.25,-0.28,-40,0.00,0.00
66251,-3.16,0.06,0.00,-0.16,-43,0.00,0.00
66262,-3.18,0.05,-1.25,-0.24,-48,0.00,0.00
66271,-3.18,0.05,0.00,-0.14,-51,0.00,0.00
66281,-3.19,0.05,-1.25,0.05,-54,0.00,0.00
66291,-3.20,0.05,-1.25,-0.09,-58,0.00,0.00
66301,-3.21,0.05,-1.25,0.07,-61,0.00,0.00
66311,-3.23,0.06,-1.25,0.51,-61,0.00,0.00
66321,-3.26,0.06,-3.75,0.35,-64,0.00,0.00
66331,-3.28,0.07,-1.25,0.58,-63,0.00,0.00
66341,-3.31,0.07,-3.75,0.72,-63,0.00,0.00
66351,-3.34,0.08,-2.50,0.82,-61,0.00,0.00
66361,-3.38,0.09,-3.75,1.01,-59,0.00,0.00
66371,-3.40,0.10,-2.50,0.93,-56,0.00,0.00
66381,-3.44,0.11,-3.75,0.94,-53,0.00,0.00
66392,-3.48,0.12,-3.75,1.01,-49,0.00,0.00
66402,-3.50,0.13,-2.50,0.96,-44,0.00,0.00
66412,-3.53,0.14,-2.50,0.91,-39,0.00,0.00
66422,-3.55,0.15,-2.50,0.84,-35,0.00,0.00
66433,-3.58,0.16,-2.50,0.79,-31,0.00,0.00
66442,-3.60,0.16,-2.50,0.70,-27,0.00,0.00
66452,-3.60,0.16,0.00,0.24,-24,0.00,0.00
66462,-3.63,0.16,-2.50,-0.37,-26,0.00,0.00
66472,-3.63,0.16,0.00,-0.52,-28,0.00,0.00
66482,-3.63,0.15,0.00,-0.75,-32,0.00,0.00
66492,-3.64,0.14,-1.25,-0.73,-37,0.00,0.00
66502,-3.64,0.13,0.00,-0.75,-41,0.00,0.00
66512,-3.65,0.13,-1.25,-0.77,-47,0.00,0.00
66522,-3.65,0.12,0.00,-0.45,-50,0.00,0.00
66532,-3.66,0.12,-1.25,0.00,-51,0.00,0.00
66542,-3.68,0.12,-1.25,-0.05,-52,0.00,0.00
66552,-3.70,0.12,-2.50,-0.09,-55,0.00,0.00
66562,-3.73,0.12,-2.50,0.19,-56,0.00,0.00
66572,-3.74,0.13,-1.25,0.47,-54,0.00,0.00
66582,-3.78,0.13,-3.75,0.51,-54,0.00,0.00
66592,-3.80,0.14,-2.50,0.68,-51,0.00,0.00
66603,-3.83,0.14,-2.50,0.59,-49,0.00,0.00
66612,-3.85,0.15,-2.50,0.54,-47,0.00,0.00
66622,-3.88,0.16,-2.50,0.56,-44,0.00,0.00
66632,-3.90,0.16,-2.50,0.59,-41,0.00,0.00
66642,-3.93,0.17,-2.50,0.59,-38,0.00,0.00
66652,-3.95,0.17,-2.50,0.61,-34,0.00,0.00
66662,-3.95,0.18,0.00,0.61,-28,0.00,0.00
66672,-3.98,0.18,-2.50,0.37,-26,0.00,0.00
66682,-3.99,0.18,-1.25,0.09,-24,0.00,0.00
66692,-4.00,0.18,-1.25,0.07,-22,0.00,0.00
66702,-4.00,0.18,0.00,-0.24,-22,0.00,0.00
66712,-4.01,0.18,-1.25,-0.49,-24,0.00,0.00
66722,-4.01,0.17,0.00,-0.58,-26,0.00,0.00
66733,-4.01,0.17,0.00,-0.58,-28,0.00,0.00
66743,-4.01,0.16,0.00,-0.72,-32,0.00,0.00
66753,-4.01,0.15,0.00,-0.80,-36,0.00,0.00
66763,-4.01,0.14,0.00,-0.79,-41,0.00,0.00
66774,-4.01,0.13,0.00,-0.79,-46,0.00,0.00
66783,-4.03,0.13,-1.25,-0.79,-52,0.00,0.00
66793,-4.03,0.12,0.00,-0.19,-54,0.00,0.00
66803,-4.05,0.13,-2.50,0.02,-56,0.00,0.00
66813,-4.07,0.13,-2.50,0.30,-57,0.00,0.00
66823,-4.09,0.13,-1.25,0.45,-56,0.00,0.00
66833,-4.11,0.14,-2.50,0.35,-56,0.00,0.00
66843,-4.13,0.14,-1.25,0.82,-52,0.00,0.00
66853,-4.18,0.15,-5.00,0.77,-51,0.00,0.00
66863,-4.20,0.16,-2.50,0.84,-47,0.00,0.00
66873,-4.23,0.17,-2.50,0.86,-43,0.00,0.00
66883,-4.25,0.18,-2.50,0.84,-38,0.00,0.00
66893,-4.28,0.19,-2.50,0.84,-33,0.00,0.00
66904,-4.29,0.19,-1.25,0.86,-27,0.00,0.00
66914,-4.30,0.20,-1.25,0.87,-20,0.00,0.00
66924,-4.32,0.21,-2.50,0.33,-17,0.00,0.00
66934,-4.32,0.21,0.00,-0.05,-15,0.00,0.00
66945,-4.32,0.20,0.00,-0.24,-14,0.00,0.00
66954,-4.32,0.20,0.00,-0.52,-15,0.00,0.00
66964,-4.32,0.19,0.00,-0.59,-17,0.00,0.00
66974,-4.32,0.19,0.00,-0.45,-18,0.00,0.00
66984,-4.32,0.18,0.00,-0.40,-19,0.00,0.00
66994,-4.32,0.18,0.00,-0.44,-20,0.00,0.00
67004,-4.32,0.18,0.00,-0.40,-21,0.00,0.00
67014,-4.32,0.17,0.00,-0.35,-22,0.00,0.00
67024,-4.32,0.17,0.00,-0.31,-23,0.00,0.00
67034,-4.32,0.17,0.00,-0.31,-24,0.00,0.00
67044,-4.32,0.16,0.00,-0.30,-25,0.00,0.00
67054,-4.32,0.16,0.00,-0.28,-26,0.00,0.00
67064,-4.32,0.16,0.00,-0.28,-27,0.00,0.00
67074,-4.32,0.15,0.00,-0.28,-29,0.00,0.00
67084,-4.32,0.15,0.00,-0.30,-31,0.00,0.00
67094,-4.35,0.15,-2.50,-0.30,-35,0.00,0.00
67104,-4.35,0.15,0.00,-0.31,-37,0.00,0.00
67115,-4.35,0.14,0.00,-0.31,-39,0.00,0.00
67124,-4.35,0.14,0.00,-0.33,-42,0.00,0.00
67134,-4.38,0.14,-2.50,-0.09,-45,0.00,0.00
67144,-4.38,0.14,0.00,0.40,-43,0.00,0.00
67154,-4.39,0.15,-1.25,0.42,-42,0.00,0.00
67164,-4.40,0.15,-1.25,0.51,-40,0.00,0.00
67174,-4.43,0.16,-2.50,0.47,-39,0.00,0.00
67184,-4.43,0.16,0.00,0.45,-36,0.00,0.00
67194,-4.45,0.17,-2.50,0.51,-34,0.00,0.00
67204,-4.45,0.17,0.00,0.56,-30,0.00,0.00
67214,-4.46,0.18,-1.25,0.56,-27,0.00,0.00
67224,-4.48,0.18,-1.25,0.58,-23,0.00,0.00
67234,-4.48,0.19,0.00,0.59,-18,0.00,0.00
67245,-4.48,0.19,0.00,0.42,-14,0.00,0.00
67255,-4.48,0.19,0.00,0.14,-11,0.00,0.00
67265,-4.48,0.19,0.00,-0.21,-11,0.00,0.00
67275,-4.48,0.19,0.00,-0.23,-11,0.00,0.00
67286,-4.48,0.19,0.00,-0.16,-11,0.00,0.00
67295,-4.48,0.19,0.00,-0.10,-10,0.00,0.00
67305,-4.48,0.19,0.00,-0.10,-9,0.00,0.00
67315,-4.48,0.18,0.00,-0.07,-8,0.00,0.00
67325,-4.48,0.18,0.00,-0.02,-7,0.00,0.00
67335,-4.48,0.18,0.00,0.02,-6,0.00,0.00
67345,-4.48,0.19,0.00,0.05,-4,0.00,0.00
67355,-4.48,0.19,0.00,0.09,-2,0.00,0.00
67365,-4.48,0.19,0.00,0.12,0,0.00,0.00
67375,-4.48,0.19,0.00,0.14,1,0.00,0.00
67385,-4.48,0.19,0.00,0.16,2,0.00,0.00
67395,-4.48,0.19,0.00,0.19,4,0.00,0.00
67405,-4.48,0.19,0.00,0.21,6,0.00,0.00
67416,-4.48,0.20,0.00,0.10,7,0.00,0.00
67426,-4.48,0.20,0.00,0.16,9,0.00,0.00
67436,-4.48,0.20,0.00,0.21,11,0.00,0.00
67446,-4.48,0.20,0.00,0.21,13,0.00,0.00
67457,-4.48,0.20,0.00,0.26,16,0.00,0.00
67466,-4.48,0.21,0.00,0.31,19,0.00,0.00
67476,-4.48,0.21,0.00,0.24,22,0.00,0.00
67486,-4.48,0.21,0.00,0.30,25,0.00,0.00
67496,-4.48,0.21,0.00,0.23,28,0.00,0.00
67506,-4.48,0.22,0.00,0.19,31,0.00,0.00
67516,-4.48,0.22,0.00,0.28,35,0.00,0.00
67526,-4.46,0.22,1.25,0.24,39,0.00,0.00
67536,-4.46,0.22,0.00,0.23,42,0.00,0.00
67546,-4.46,0.23,0.00,0.14,45,0.00,0.00
67556,-4.45,0.23,1.25,-0.02,48,0.00,0.00
67566,-4.44,0.23,1.25,0.03,51,0.00,0.00
67576,-4.44,0.23,0.00,0.12,54,0.00,0.00
67586,-4.43,0.23,1.25,-0.02,57,0.00,0.00
67596,-4.41,0.23,1.25,-0.05,60,0.00,0.00
67606,-4.39,0.22,2.50,-0.17,63,0.00,0.00
67616,-4.38,0.22,1.25,-0.61,62,0.00,0.00
67627,-4.35,0.21,2.50,-0.54,62,0.00,0.00
67636,-4.32,0.20,2.50,-1.01,59,0.00,0.00
67646,-4.30,0.19,2.50,-0.99,56,0.00,0.00
67656,-4.26,0.18,3.75,-1.05,53,0.00,0.00
67666,-4.23,0.17,3.75,-0.98,50,0.00,0.00
67676,-4.20,0.16,2.50,-0.96,46,0.00,0.00
67686,-4.18,0.15,2.50,-0.99,41,0.00,0.00
67696,-4.15,0.15,2.50,-0.80,37,0.00,0.00
67706,-4.13,0.14,2.50,-0.47,35,0.00,0.00
67716,-4.10,0.14,2.50,-0.44,33,0.00,0.00
67726,-4.10,0.13,0.00,-0.35,29,0.00,0.00
67736,-4.07,0.13,2.50,-0.14,29,0.00,0.00
67746,-4.07,0.13,0.00,0.07,28,0.00,0.00
67757,-4.05,0.13,2.50,0.17,30,0.00,0.00
67767,-4.05,0.14,0.00,0.35,31,0.00,0.00
67777,-4.04,0.14,1.25,0.47,34,0.00,0.00
67787,-4.04,0.15,0.00,0.51,36,0.00,0.00
67798,-4.03,0.15,1.25,0.54,40,0.00,0.00
67807,-4.03,0.16,0.00,0.59,44,0.00,0.00
67817,-4.00,0.16,2.50,0.65,50,0.00,0.00
67827,-4.00,0.17,0.00,0.63,54,0.00,0.00
67837,-3.98,0.17,2.50,-0.14,55,0.00,0.00
67847,-3.96,0.17,1.25,-0.19,55,0.00,0.00
67857,-3.94,0.16,2.50,-0.37,55,0.00,0.00
67867,-3.93,0.16,1.25,-0.54,53,0.00,0.00
67877,-3.89,0.15,3.75,-0.61,52,0.00,0.00
67887,-3.88,0.15,1.25,-0.72,48,0.00,0.00
67897,-3.84,0.14,3.75,-0.77,45,0.00,0.00
67907,-3.81,0.13,2.50,-0.72,41,0.00,0.00
67917,-3.79,0.12,2.50,-0.73,37,0.00,0.00
67928,-3.76,0.12,2.50,-0.73,33,0.00,0.00
67938,-3.75,0.11,1.25,-0.75,27,0.00,0.00
67948,-3.73,0.10,2.50,-0.75,22,0.00,0.00
67958,-3.71,0.10,1.25,-0.31,19,0.00,0.00
67969,-3.71,0.10,0.00,0.30,19,0.00,0.00
67978,-3.70,0.10,1.25,0.30,20,0.00,0.00
67988,-3.70,0.11,0.00,0.68,22,0.00,0.00
67998,-3.70,0.12,0.00,0.65,25,0.00,0.00
68008,-3.70,0.12,0.00,0.59,27,0.00,0.00
68018,-3.70,0.13,0.00,0.58,30,0.00,0.00
68028,-3.70,0.13,0.00,0.56,33,0.00,0.00
68038,-3.69,0.14,1.25,0.38,36,0.00,0.00
68048,-3.68,0.14,1.25,0.19,38,0.00,0.00
68058,-3.68,0.14,0.00,0.21,39,0.00,0.00
68068,-3.68,0.14,0.00,0.26,40,0.00,0.00
68078,-3.65,0.15,2.50,0.26,43,0.00,0.00
68088,-3.65,0.15,0.00,-0.14,42,0.00,0.00
68098,-3.65,0.14,0.00,-0.10,41,0.00,0.00
68108,-3.63,0.14,2.50,-0.07,42,0.00,0.00
68118,-3.63,0.14,0.00,-0.10,41,0.00,0.00
68128,-3.60,0.14,2.50,-0.26,41,0.00,0.00
68139,-3.58,0.14,2.50,-0.23,41,0.00,0.00
68148,-3.58,0.14,0.00,-0.24,39,0.00,0.00
68158,-3.55,0.13,2.50,-0.33,38,0.00,0.00
68168,-3.55,0.13,0.00,-0.42,35,0.00,0.00
68178,-3.53,0.12,2.50,-0.44,33,0.00,0.00
68188,-3.53,0.12,0.00,-0.47,29,0.00,0.00
68198,-3.50,0.11,2.50,-0.49,27,0.00,0.00
68208,-3.50,0.11,0.00,-0.45,23,0.00,0.00
68218,-3.50,0.11,0.00,-0.05,21,0.00,0.00
68228,-3.50,0.11,0.00,0.16,21,0.00,0.00
68238,-3.49,0.11,1.25,0.31,23,0.00,0.00
68248,-3.49,0.12,0.00,0.42,25,0.00,0.00
68258,-3.48,0.12,1.25,0.38,27,0.00,0.00
68269,-3.48,0.13,0.00,0.35,28,0.00,0.00
68279,-3.48,0.13,0.00,0.33,29,0.00,0.00
68289,-3.48,0.13,0.00,0.31,31,0.00,0.00
68299,-3.48,0.14,0.00,0.31,33,0.00,0.00
68310,-3.48,0.14,0.00,0.31,35,0.00,0.00
68319,-3.48,0.14,0.00,0.26,37,0.00,0.00
68329,-3.48,0.14,0.00,-0.02,37,0.00,0.00
68339,-3.45,0.14,2.50,-0.07,38,0.00,0.00
68349,-3.45,0.14,0.00,-0.05,38,0.00,0.00
68359,-3.45,0.14,0.00,-0.10,37,0.00,0.00
68369,-3.43,0.14,2.50,-0.14,38,0.00,0.00
68379,-3.43,0.14,0.00,-0.17,37,0.00,0.00
68389,-3.41,0.13,1.25,-0.30,36,0.00,0.00
68399,-3.40,0.13,1.25,-0.31,35,0.00,0.00
68409,-3.40,0.13,0.00,-0.31,33,0.00,0.00
68419,-3.39,0.12,1.25,-0.33,31,0.00,0.00
68429,-3.38,0.12,1.25,-0.47,28,0.00,0.00
68440,-3.38,0.11,0.00,-0.47,24,0.00,0.00
68450,-3.38,0.11,0.00,-0.35,21,0.00,0.00
68460,-3.36,0.11,1.25,-0.23,19,0.00,0.00
68470,-3.36,0.11,0.00,-0.07,17,0.00,0.00
68481,-3.36,0.11,0.00,0.14,17,0.00,0.00
68490,-3.36,0.11,0.00,0.10,16,0.00,0.00
68500,-3.36,0.11,0.00,0.05,15,0.00,0.00
68510,-3.36,0.11,0.00,0.00,14,0.00,0.00
68520,-3.36,0.11,0.00,-0.02,13,0.00,0.00
68530,-3.36,0.11,0.00,0.00,12,0.00,0.00
68540,-3.36,0.11,0.00,0.12,12,0.00,0.00
68550,-3.36,0.11,0.00,0.10,12,0.00,0.00
68560,-3.36,0.11,0.00,0.05,11,0.00,0.00
68570,-3.36,0.11,0.00,0.00,10,0.00,0.00
68580,-3.36,0.11,0.00,-0.02,9,0.00,0.00
68590,-3.36,0.11,0.00,0.03,8,0.00,0.00
68600,-3.36,0.11,0.00,0.09,8,0.00,0.00
68610,-3.36,0.11,0.00,-0.03,7,0.00,0.00
68620,-3.36,0.11,0.00,-0.16,5,0.00,0.00
68630,-3.36,0.11,0.00,-0.07,3,0.00,0.00
68640,-3.36,0.11,0.00,-0.10,1,0.00,0.00
68651,-3.36,0.11,0.00,-0.14,0,0.00,0.00
68660,-3.36,0.11,0.00,-0.12,-1,0.00,0.00
68670,-3.36,0.11,0.00,-0.10,-2,0.00,0.00
68680,-3.36,0.10,0.00,-0.14,-3,0.00,0.00
68690,-3.36,0.10,0.00,-0.16,-4,0.00,0.00
68700,-3.36,0.10,0.00,-0.16,-6,0.00,0.00
68710,-3.36,0.10,0.00,-0.16,-8,0.00,0.00
68720,-3.36,0.10,0.00,-0.21,-10,0.00,0.00
68730,-3.36,0.10,0.00,-0.21,-12,0.00,0.00
68740,-3.36,0.09,0.00,-0.23,-14,0.00,0.00
68750,-3.36,0.09,0.00,-0.24,-17,0.00,0.00
68760,-3.36,0.09,0.00,-0.28,-20,0.00,0.00
68770,-3.36,0.09,0.00,-0.30,-23,0.00,0.00
68781,-3.36,0.08,0.00,-0.33,-26,0.00,0.00
68791,-3.36,0.08,0.00,-0.35,-30,0.00,0.00
68801,-3.36,0.07,0.00,-0.38,-34,0.00,0.00
68811,-3.38,0.07,-1.25,-0.35,-39,0.00,0.00
68822,-3.39,0.07,-1.25,-0.03,-42,0.00,0.00
68831,-3.39,0.07,0.00,0.00,-44,0.00,0.00
68841,-3.40,0.07,-1.25,-0.09,-47,0.00,0.00
68851,-3.40,0.07,0.00,0.16,-48,0.00,0.00
68861,-3.41,0.07,-1.25,0.14,-50,0.00,0.00
68871,-3.43,0.07,-1.25,0.14,-52,0.00,0.00
68881,-3.43,0.08,0.00,0.30,-52,0.00,0.00
68891,-3.44,0.08,-1.25,0.19,-53,0.00,0.00
68901,-3.46,0.08,-2.50,0.38,-54,0.00,0.00
68911,-3.49,0.09,-2.50,0.37,-55,0.00,0.00
68921,-3.50,0.09,-1.25,0.35,-55,0.00,0.00
68931,-3.53,0.09,-2.50,0.47,-55,0.00,0.00
68941,-3.55,0.10,-2.50,0.45,-55,0.00,0.00
68952,-3.58,0.11,-2.50,0.66,-53,0.00,0.00
68962,-3.60,0.11,-2.50,0.73,-51,0.00,0.00
68972,-3.63,0.12,-2.50,0.63,-49,0.00,0.00
68982,-3.65,0.13,-2.50,0.70,-46,0.00,0.00
68993,-3.66,0.13,-1.25,0.68,-42,0.00,0.00
69002,-3.69,0.14,-2.50,0.65,-39,0.00,0.00
69012,-3.71,0.15,-2.50,0.61,-36,0.00,0.00
69022,-3.71,0.15,0.00,0.59,-31,0.00,0.00
69032,-3.74,0.16,-2.50,0.47,-29,0.00,0.00
69042,-3.74,0.16,0.00,0.12,-27,0.00,0.00
69052,-3.76,0.16,-2.50,0.00,-28,0.00,0.00
69062,-3.76,0.16,0.00,-0.28,-29,0.00,0.00
69072,-3.76,0.15,0.00,-0.58,-32,0.00,0.00
69082,-3.76,0.14,0.00,-0.58,-35,0.00,0.00
69092,-3.76,0.14,0.00,-0.59,-38,0.00,0.00
69102,-3.78,0.13,-1.25,-0.63,-43,0.00,0.00
69112,-3.79,0.12,-1.25,-0.66,-48,0.00,0.00
69122,-3.80,0.12,-1.25,-0.70,-54,0.00,0.00
69132,-3.80,0.11,0.00,-0.58,-58,0.00,0.00
69142,-3.81,0.12,-1.25,0.33,-58,0.00,0.00
69152,-3.84,0.12,-2.50,0.26,-59,0.00,0.00
69163,-3.86,0.12,-2.50,0.40,-59,0.00,0.00
69172,-3.89,0.13,-2.50,0.49,-58,0.00,0.00
69182,-3.91,0.13,-2.50,0.72,-55,0.00,0.00
69192,-3.94,0.14,-2.50,0.75,-52,0.00,0.00
69202,-3.96,0.15,-2.50,0.77,-49,0.00,0.00
69212,-3.99,0.16,-2.50,0.86,-45,0.00,0.00
69222,-4.01,0.17,-2.50,0.82,-41,0.00,0.00
69232,-4.04,0.17,-2.50,0.84,-36,0.00,0.00
69242,-4.06,0.18,-2.50,0.84,-31,0.00,0.00
69252,-4.06,0.19,0.00,0.54,-26,0.00,0.00
69262,-4.09,0.19,-2.50,0.33,-24,0.00,0.00
69272,-4.09,0.19,0.00,0.23,-20,0.00,0.00
69282,-4.10,0.19,-1.25,-0.17,-20,0.00,0.00
69293,-4.10,0.19,0.00,-0.51,-21,0.00,0.00
69303,-4.11,0.18,-1.25,-0.61,-24,0.00,0.00
69313,-4.11,0.18,0.00,-0.58,-26,0.00,0.00
69323,-4.11,0.17,0.00,-0.52,-28,0.00,0.00
69334,-4.11,0.17,0.00,-0.47,-30,0.00,0.00
69343,-4.11,0.16,0.00,-0.44,-32,0.00,0.00
69353,-4.11,0.16,0.00,-0.44,-34,0.00,0.00
69363,-4.11,0.15,0.00,-0.44,-36,0.00,0.00
69373,-4.11,0.15,0.00,-0.45,-39,0.00,0.00
69383,-4.11,0.14,0.00,-0.45,-42,0.00,0.00
69393,-4.11,0.14,0.00,-0.45,-45,0.00,0.00
69403,-4.13,0.14,-1.25,-0.33,-48,0.00,0.00
69413,-4.14,0.14,-1.25,0.03,-49,0.00,0.00
69423,-4.14,0.14,0.00,0.05,-49,0.00,0.00
69433,-4.16,0.14,-2.50,0.42,-48,0.00,0.00
69443,-4.18,0.14,-1.25,0.44,-46,0.00,0.00
69453,-4.19,0.15,-1.25,0.38,-44,0.00,0.00
69464,-4.21,0.15,-2.50,0.49,-43,0.00,0.00
69474,-4.24,0.16,-2.50,0.59,-41,0.00,0.00
69484,-4.24,0.16,0.00,0.56,-37,0.00,0.00
69494,-4.26,0.17,-2.50,0.54,-35,0.00,0.00
69505,-4.26,0.18,0.00,0.54,-30,0.00,0.00
69514,-4.29,0.18,-2.50,0.52,-27,0.00,0.00
69524,-4.29,0.18,0.00,0.30,-24,0.00,0.00
69534,-4.29,0.19,0.00,0.14,-22,0.00,0.00
69544,-4.29,0.19,0.00,0.14,-19,0.00,0.00
69554,-4.29,0.18,0.00,-0.35,-20,0.00,0.00
69564,-4.29,0.18,0.00,-0.38,-21,0.00,0.00
69574,-4.29,0.18,0.00,-0.24,-21,0.00,0.00
69584,-4.29,0.18,0.00,-0.17,-21,0.00,0.00
69594,-4.29,0.17,0.00,-0.16,-21,0.00,0.00
69604,-4.29,0.17,0.00,-0.24,-22,0.00,0.00
69614,-4.29,0.17,0.00,-0.21,-22,0.00,0.00
69624,-4.30,0.17,-1.25,-0.16,-23,0.00,0.00
69634,-4.30,0.17,0.00,-0.12,-23,0.00,0.00
69644,-4.30,0.17,0.00,-0.09,-23,0.00,0.00
69654,-4.30,0.16,0.00,-0.05,-23,0.00,0.00
69664,-4.30,0.16,0.00,-0.07,-23,0.00,0.00
69675,-4.30,0.16,0.00,-0.09,-23,0.00,0.00
69684,-4.30,0.16,0.00,-0.05,-23,0.00,0.00
69694,-4.31,0.16,-1.25,-0.05,-24,0.00,0.00
69704,-4.31,0.16,0.00,-0.05,-24,0.00,0.00
69714,-4.31,0.16,0.00,-0.03,-24,0.00,0.00
69724,-4.31,0.16,0.00,-0.03,-24,0.00,0.00
69734,-4.31,0.16,0.00,-0.02,-24,0.00,0.00
69744,-4.31,0.16,0.00,0.00,-24,0.00,0.00
69754,-4.31,0.16,0.00,0.00,-24,0.00,0.00
69764,-4.31,0.16,0.00,0.02,-23,0.00,0.00
69774,-4.31,0.16,0.00,0.03,-22,0.00,0.00
69784,-4.31,0.16,0.00,0.05,-21,0.00,0.00
69794,-4.31,0.16,0.00,0.05,-20,0.00,0.00
69805,-4.31,0.16,0.00,0.07,-19,0.00,0.00
69815,-4.31,0.16,0.00,0.09,-18,0.00,0.00
69825,-4.31,0.16,0.00,0.09,-17,0.00,0.00
69835,-4.31,0.17,0.00,0.10,-16,0.00,0.00
69846,-4.31,0.17,0.00,0.10,-15,0.00,0.00
69855,-4.31,0.17,0.00,0.12,-13,0.00,0.00
69865,-4.31,0.17,0.00,0.14,-11,0.00,0.00
69875,-4.31,0.17,0.00,0.16,-9,0.00,0.00
69885,-4.31,0.17,0.00,0.16,-7,0.00,0.00
69895,-4.31,0.17,0.00,0.17,-5,0.00,0.00
69905,-4.31,0.18,0.00,0.19,-3,0.00,0.00
69915,-4.31,0.18,0.00,0.21,0,0.00,0.00
69925,-4.31,0.18,0.00,0.23,2,0.00,0.00
69935,-4.31,0.18,0.00,0.23,4,0.00,0.00
69945,-4.31,0.19,0.00,0.26,6,0.00,0.00
69955,-4.31,0.19,0.00,0.26,8,0.00,0.00
69965,-4.31,0.19,0.00,0.28,11,0.00,0.00
69976,-4.31,0.19,0.00,0.31,14,0.00,0.00
69986,-4.31,0.20,0.00,0.33,17,0.00,0.00
69996,-4.31,0.20,0.00,0.37,21,0.00,0.00
70006,-4.31,0.20,0.00,0.33,24,0.00,0.00
70017,-4.31,0.21,0.00,0.31,27,0.00,0.00
70026,-4.31,0.21,0.00,0.35,31,0.00,0.00
70036,-4.31,0.21,0.00,0.35,35,0.00,0.00
70046,-4.30,0.22,1.25,0.31,40,0.00,0.00
70056,-4.29,0.22,1.25,0.24,45,0.00,0.00
70066,-4.29,0.22,0.00,0.21,49,0.00,0.00
70076,-4.28,0.22,1.25,0.00,52,0.00,0.00
70086,-4.26,0.22,1.25,-0.03,55,0.00,0.00
70096,-4.25,0.22,1.25,-0.05,58,0.00,0.00
70106,-4.25,0.22,0.00,-0.09,60,0.00,0.00
70116,-4.23,0.22,2.50,-0.14,63,0.00,0.00
70126,-4.21,0.22,1.25,-0.30,64,0.00,0.00
70136,-4.19,0.21,2.50,-0.28,66,0.00,0.00
70146,-4.18,0.21,1.25,-0.51,66,0.00,0.00
70156,-4.15,0.20,2.50,-0.73,65,0.00,0.00
70166,-4.11,0.19,3.75,-0.98,63,0.00,0.00
70176,-4.09,0.18,2.50,-1.12,59,0.00,0.00
70187,-4.05,0.17,3.75,-1.12,55,0.00,0.00
70196,-4.03,0.16,2.50,-1.15,50,0.00,0.00
70206,-3.98,0.15,5.00,-1.06,47,0.00,0.00
70216,-3.95,0.14,2.50,-1.12,41,0.00,0.00
70226,-3.93,0.12,2.50,-1.10,35,0.00,0.00
70236,-3.90,0.12,2.50,-0.93,29,0.00,0.00
70246,-3.88,0.11,2.50,-0.33,27,0.00,0.00
70256,-3.86,0.11,1.25,-0.17,25,0.00,0.00
70266,-3.85,0.11,1.25,-0.16,23,0.00,0.00
70276,-3.85,0.11,0.00,0.16,22,0.00,0.00
70286,-3.84,0.11,1.25,0.47,24,0.00,0.00
70296,-3.84,0.12,0.00,0.56,26,0.00,0.00
70306,-3.84,0.13,0.00,0.66,29,0.00,0.00
70317,-3.84,0.13,0.00,0.65,32,0.00,0.00
70327,-3.83,0.14,1.25,0.66,36,0.00,0.00
70337,-3.83,0.15,0.00,0.68,40,0.00,0.00
70347,-3.81,0.15,1.25,0.68,45,0.00,0.00
70358,-3.81,0.16,0.00,0.68,49,0.00,0.00
70367,-3.81,0.16,0.00,0.40,52,0.00,0.00
70377,-3.80,0.17,1.25,0.07,54,0.00,0.00
70387,-3.79,0.16,1.25,-0.16,54,0.00,0.00
70397,-3.76,0.16,2.50,-0.24,55,0.00,0.00
70407,-3.74,0.16,2.50,-0.44,54,0.00,0.00
70417,-3.73,0.15,1.25,-0.58,51,0.00,0.00
70427,-3.70,0.14,2.50,-0.66,49,0.00,0.00
70437,-3.66,0.14,3.75,-0.73,47,0.00,0.00
70447,-3.65,0.13,1.25,-0.72,43,0.00,0.00
70457,-3.63,0.12,2.50,-0.80,39,0.00,0.00
70467,-3.60,0.11,2.50,-0.82,34,0.00,0.00
70477,-3.59,0.11,1.25,-0.86,28,0.00,0.00
70488,-3.56,0.10,2.50,-0.87,22,0.00,0.00
70498,-3.55,0.09,1.25,-0.58,17,0.00,0.00
70508,-3.54,0.09,1.25,0.10,16,0.00,0.00
70518,-3.54,0.10,0.00,0.35,16,0.00,0.00
70529,-3.54,0.10,0.00,0.28,16,0.00,0.00
70538,-3.54,0.10,0.00,0.38,17,0.00,0.00
70548,-3.54,0.11,0.00,0.58,19,0.00,0.00
70558,-3.54,0.11,0.00,0.51,21,0.00,0.00
70568,-3.54,0.12,0.00,0.42,22,0.00,0.00
70578,-3.54,0.12,0.00,0.38,23,0.00,0.00
70588,-3.54,0.12,0.00,0.35,24,0.00,0.00
70598,-3.54,0.13,0.00,0.49,26,0.00,0.00
70608,-3.54,0.13,0.00,0.49,29,0.00,0.00
70618,-3.54,0.14,0.00,0.42,31,0.00,0.00
70628,-3.54,0.14,0.00,0.31,33,0.00,0.00
70638,-3.54,0.14,0.00,0.26,35,0.00,0.00
70648,-3.54,0.15,0.00,0.26,37,0.00,0.00
70658,-3.54,0.15,0.00,0.24,39,0.00,0.00
70668,-3.53,0.15,1.25,0.24,42,0.00,0.00
70678,-3.51,0.15,1.25,0.24,45,0.00,0.00
70688,-3.51,0.16,0.00,0.17,47,0.00,0.00
70699,-3.51,0.16,0.00,0.00,48,0.00,0.00
70708,-3.49,0.15,2.50,-0.16,49,0.00,0.00
70718,-3.49,0.15,0.00,-0.33,47,0.00,0.00
70728,-3.46,0.15,2.50,-0.44,46,0.00,0.00
70738,-3.44,0.14,2.50,-0.56,44,0.00,0.00
70748,-3.43,0.13,1.25,-0.72,40,0.00,0.00
70758,-3.40,0.13,2.50,-0.70,37,0.00,0.00
70768,-3.39,0.12,1.25,-0.80,32,0.00,0.00
70778,-3.38,0.11,1.25,-0.82,27,0.00,0.00
70788,-3.36,0.10,1.25,-0.84,21,0.00,0.00
70798,-3.35,0.09,1.25,-0.89,15,0.00,0.00
70808,-3.35,0.09,0.00,-0.09,13,0.00,0.00
70818,-3.35,0.09,0.00,0.24,13,0.00,0.00
70829,-3.35,0.10,0.00,0.21,13,0.00,0.00
70839,-3.35,0.10,0.00,0.16,12,0.00,0.00
70849,-3.35,0.10,0.00,0.09,11,0.00,0.00
70859,-3.35,0.10,0.00,0.16,10,0.00,0.00
70870,-3.35,0.10,0.00,0.28,10,0.00,0.00
70879,-3.35,0.11,0.00,0.23,10,0.00,0.00
70889,-3.35,0.11,0.00,0.17,10,0.00,0.00
70899,-3.35,0.11,0.00,0.14,10,0.00,0.00
70909,-3.35,0.11,0.00,0.09,9,0.00,0.00
70919,-3.35,0.11,0.00,0.09,8,0.00,0.00
70929,-3.35,0.11,0.00,0.17,8,0.00,0.00
70939,-3.35,0.11,0.00,0.12,8,0.00,0.00
70949,-3.35,0.11,0.00,0.07,7,0.00,0.00
70959,-3.35,0.12,0.00,0.07,6,0.00,0.00
70969,-3.35,0.12,0.00,0.10,6,0.00,0.00
70979,-3.35,0.12,0.00,0.02,5,0.00,0.00
70989,-3.35,0.12,0.00,0.00,4,0.00,0.00
71000,-3.35,0.12,0.00,0.00,3,0.00,0.00
71010,-3.35,0.12,0.00,-0.02,2,0.00,0.00
71020,-3.35,0.12,0.00,-0.02,1,0.00,0.00
71030,-3.35,0.12,0.00,0.00,0,0.00,0.00
71041,-3.35,0.12,0.00,-0.02,0,0.00,0.00
71050,-3.35,0.12,0.00,-0.03,0,0.00,0.00
71060,-3.35,0.12,0.00,-0.03,0,0.00,0.00
71070,-3.35,0.11,0.00,-0.05,0,0.00,0.00
71080,-3.35,0.11,0.00,-0.07,0,0.00,0.00
71090,-3.35,0.11,0.00,-0.07,0,0.00,0.00
71100,-3.35,0.11,0.00,-0.07,0,0.00,0.00
71110,-3.35,0.11,0.00,-0.07,-1,0.00,0.00
71120,-3.35,0.11,0.00,-0.09,-2,0.00,0.00
71130,-3.35,0.11,0.00,-0.09,-3,0.00,0.00
71140,-3.35,0.11,0.00,-0.10,-4,0.00,0.00
71150,-3.35,0.11,0.00,-0.10,-5,0.00,0.00
71160,-3.35,0.11,0.00,-0.12,-6,0.00,0.00
71170,-3.35,0.11,0.00,-0.12,-7,0.00,0.00
71180,-3.35,0.10,0.00,-0.14,-8,0.00,0.00
71190,-3.35,0.10,0.00,-0.16,-9,0.00,0.00
71200,-3.35,0.10,0.00,-0.17,-11,0.00,0.00
71211,-3.35,0.10,0.00,-0.19,-13,0.00,0.00
71220,-3.35,0.10,0.00,-0.21,-15,0.00,0.00
71230,-3.35,0.09,0.00,-0.23,-17,0.00,0.00
71240,-3.35,0.09,0.00,-0.24,-19,0.00,0.00
71250,-3.35,0.09,0.00,-0.26,-22,0.00,0.00
71260,-3.35,0.09,0.00,-0.30,-25,0.00,0.00
71270,-3.35,0.08,0.00,-0.31,-28,0.00,0.00
71280,-3.35,0.08,0.00,-0.35,-32,0.00,0.00
71290,-3.36,0.08,-1.25,-0.38,-37,0.00,0.00
71300,-3.36,0.07,0.00,-0.40,-41,0.00,0.00
71310,-3.36,0.07,0.00,0.16,-42,0.00,0.00
71320,-3.38,0.07,-1.25,0.07,-44,0.00,0.00
71330,-3.38,0.07,0.00,-0.03,-46,0.00,0.00
71341,-3.39,0.07,-1.25,-0.02,-49,0.00,0.00
71351,-3.39,0.08,0.00,0.24,-49,0.00,0.00
71361,-3.40,0.08,-1.25,0.00,-52,0.00,0.00
71371,-3.41,0.08,-1.25,0.19,-53,0.00,0.00
71382,-3.43,0.08,-1.25,0.23,-54,0.00,0.00
71391,-3.45,0.08,-2.50,0.24,-56,0.00,0.00
71401,-3.45,0.09,0.00,0.30,-56,0.00,0.00
71411,-3.48,0.09,-2.50,0.19,-58,0.00,0.00
71421,-3.50,0.09,-2.50,0.54,-58,0.00,0.00
71431,-3.53,0.10,-2.50,0.72,-56,0.00,0.00
71441,-3.55,0.11,-2.50,0.66,-54,0.00,0.00
71451,-3.58,0.12,-2.50,0.86,-51,0.00,0.00
71461,-3.60,0.12,-2.50,0.80,-48,0.00,0.00
71471,-3.63,0.13,-2.50,0.73,-45,0.00,0.00
71481,-3.64,0.14,-1.25,0.68,-41,0.00,0.00
71491,-3.66,0.14,-2.50,0.65,-38,0.00,0.00
71501,-3.69,0.15,-2.50,0.63,-35,0.00,0.00
71512,-3.69,0.16,0.00,0.61,-30,0.00,0.00
71522,-3.71,0.16,-2.50,0.42,-28,0.00,0.00
71532,-3.71,0.16,0.00,0.00,-27,0.00,0.00
71542,-3.73,0.16,-1.25,0.00,-26,0.00,0.00
71553,-3.74,0.16,-1.25,-0.03,-26,0.00,0.00
71562,-3.74,0.16,0.00,-0.52,-28,0.00,0.00
71572,-3.74,0.15,0.00,-0.63,-31,0.00,0.00
71582,-3.74,0.14,0.00,-0.63,-34,0.00,0.00
71592,-3.74,0.14,0.00,-0.65,-38,0.00,0.00
71602,-3.74,0.13,0.00,-0.66,-42,0.00,0.00
71612,-3.74,0.12,0.00,-0.68,-46,0.00,0.00
71622,-3.75,0.12,-1.25,-0.63,-51,0.00,0.00
71632,-3.76,0.11,-1.25,-0.24,-54,0.00,0.00
71642,-3.78,0.11,-1.25,0.07,-55,0.00,0.00
71652,-3.79,0.12,-1.25,0.24,-55,0.00,0.00
71662,-3.81,0.12,-2.50,0.45,-54,0.00,0.00
71672,-3.84,0.13,-2.50,0.45,-53,0.00,0.00
71682,-3.86,0.13,-2.50,0.56,-51,0.00,0.00
71692,-3.89,0.14,-2.50,0.56,-49,0.00,0.00
71702,-3.90,0.14,-1.25,0.65,-46,0.00,0.00
71712,-3.91,0.15,-1.25,0.63,-42,0.00,0.00
71723,-3.94,0.16,-2.50,0.61,-39,0.00,0.00
71732,-3.96,0.16,-2.50,0.61,-36,0.00,0.00
71742,-3.99,0.17,-2.50,0.59,-33,0.00,0.00
71752,-3.99,0.17,0.00,0.52,-28,0.00,0.00
71762,-4.01,0.17,-2.50,0.12,-28,0.00,0.00
71772,-4.01,0.17,0.00,0.00,-26,0.00,0.00
71782,-4.01,0.17,0.00,-0.21,-26,0.00,0.00
71792,-4.01,0.17,0.00,-0.37,-27,0.00,0.00
71802,-4.01,0.16,0.00,-0.47,-29,0.00,0.00
71812,-4.01,0.16,0.00,-0.56,-32,0.00,0.00
71822,-4.01,0.15,0.00,-0.54,-35,0.00,0.00
71832,-4.03,0.15,-1.25,-0.56,-39,0.00,0.00
71842,-4.04,0.14,-1.25,-0.56,-43,0.00,0.00
71853,-4.04,0.14,0.00,-0.58,-47,0.00,0.00
71863,-4.04,0.13,0.00,-0.47,-50,0.00,0.00
71873,-4.06,0.13,-2.50,0.21,-51,0.00,0.00
71883,-4.07,0.14,-1.25,0.26,-51,0.00,0.00
71894,-4.09,0.14,-1.25,0.23,-51,0.00,0.00
71903,-4.11,0.14,-2.50,0.45,-50,0.00,0.00
71913,-4.11,0.15,0.00,0.54,-46,0.00,0.00
71923,-4.14,0.15,-2.50,0.51,-44,0.00,0.00
71933,-4.16,0.16,-2.50,0.49,-42,0.00,0.00
71943,-4.18,0.16,-1.25,0.51,-39,0.00,0.00
71953,-4.19,0.17,-1.25,0.56,-35,0.00,0.00
71963,-4.21,0.17,-2.50,0.56,-32,0.00,0.00
71973,-4.21,0.18,0.00,0.58,-27,0.00,0.00
71983,-4.23,0.19,-1.25,0.51,-23,0.00,0.00
71993,-4.24,0.19,-1.25,0.16,-21,0.00,0.00
72003,-4.24,0.19,0.00,-0.07,-20,0.00,0.00
72013,-4.24,0.18,0.00,-0.35,-21,0.00,0.00
72024,-4.24,0.18,0.00,-0.44,-22,0.00,0.00
72034,-4.24,0.17,0.00,-0.40,-23,0.00,0.00
72044,-4.24,0.17,0.00,-0.37,-24,0.00,0.00
72054,-4.24,0.17,0.00,-0.35,-25,0.00,0.00
72065,-4.24,0.16,0.00,-0.35,-26,0.00,0.00
72074,-4.24,0.16,0.00,-0.35,-28,0.00,0.00
72084,-4.24,0.16,0.00,-0.35,-30,0.00,0.00
72094,-4.24,0.15,0.00,-0.33,-32,0.00,0.00
72104,-4.24,0.15,0.00,-0.31,-34,0.00,0.00
72114,-4.24,0.15,0.00,-0.31,-36,0.00,0.00
72124,-4.24,0.14,0.00,-0.30,-38,0.00,0.00
72134,-4.25,0.14,-1.25,-0.21,-40,0.00,0.00
72144,-4.26,0.14,-1.25,-0.03,-41,0.00,0.00
72154,-4.26,0.14,0.00,-0.02,-41,0.00,0.00
72164,-4.26,0.14,0.00,-0.09,-42,0.00,0.00
72174,-4.29,0.14,-2.50,-0.03,-44,0.00,0.00
72184,-4.29,0.14,0.00,0.40,-42,0.00,0.00
72194,-4.29,0.15,0.00,0.37,-40,0.00,0.00
72204,-4.31,0.15,-2.50,0.31,-40,0.00,0.00
72214,-4.31,0.15,0.00,0.28,-38,0.00,0.00
72224,-4.31,0.16,0.00,0.24,-36,0.00,0.00
72235,-4.34,0.16,-2.50,0.19,-36,0.00,0.00
72244,-4.34,0.16,0.00,0.16,-35,0.00,0.00
72254,-4.34,0.16,0.00,0.14,-34,0.00,0.00
72264,-4.34,0.16,0.00,0.12,-33,0.00,0.00
72274,-4.36,0.16,-2.50,0.10,-34,0.00,0.00
72284,-4.36,0.16,0.00,0.09,-33,0.00,0.00
72294,-4.36,0.17,0.00,0.09,-32,0.00,0.00
72304,-4.36,0.17,0.00,0.07,-31,0.00,0.00
72314,-4.36,0.17,0.00,0.07,-30,0.00,0.00
72324,-4.36,0.17,0.00,0.05,-29,0.00,0.00
72334,-4.38,0.17,-1.25,0.03,-29,0.00,0.00
72344,-4.38,0.17,0.00,0.02,-28,0.00,0.00
72354,-4.38,0.17,0.00,-0.02,-27,0.00,0.00
72365,-4.38,0.17,0.00,-0.07,-27,0.00,0.00
72375,-4.38,0.17,0.00,-0.07,-27,0.00,0.00
72385,-4.38,0.17,0.00,-0.05,-27,0.00,0.00
72395,-4.38,0.17,0.00,-0.03,-27,0.00,0.00
72406,-4.38,0.17,0.00,-0.03,-27,0.00,0.00
72415,-4.38,0.16,0.00,-0.02,-27,0.00,0.00
72425,-4.38,0.16,0.00,-0.02,-27,0.00,0.00
72435,-4.38,0.16,0.00,-0.02,-27,0.00,0.00
72445,-4.38,0.16,0.00,0.00,-26,0.00,0.00
72455,-4.38,0.16,0.00,0.02,-25,0.00,0.00
72465,-4.38,0.17,0.00,0.03,-24,0.00,0.00
72475,-4.38,0.17,0.00,0.05,-23,0.00,0.00
72485,-4.38,0.17,0.00,0.07,-22,0.00,0.00
72495,-4.38,0.17,0.00,0.07,-21,0.00,0.00
72505,-4.38,0.17,0.00,0.09,-20,0.00,0.00
72515,-4.38,0.17,0.00,0.09,-19,0.00,0.00
72525,-4.38,0.17,0.00,0.12,-17,0.00,0.00
72536,-4.38,0.17,0.00,0.14,-15,0.00,0.00
72546,-4.38,0.17,0.00,0.16,-13,0.00,0.00
72556,-4.38,0.17,0.00,0.17,-11,0.00,0.00
72566,-4.38,0.18,0.00,0.19,-9,0.00,0.00
72577,-4.38,0.18,0.00,0.23,-6,0.00,0.00
72586,-4.38,0.18,0.00,0.24,-3,0.00,0.00
72596,-4.38,0.18,0.00,0.26,0,0.00,0.00
72606,-4.38,0.19,0.00,0.28,2,0.00,0.00
72616,-4.38,0.19,0.00,0.31,5,0.00,0.00
72626,-4.38,0.19,0.00,0.33,8,0.00,0.00
72636,-4.38,0.20,0.00,0.35,11,0.00,0.00
72646,-4.38,0.20,0.00,0.37,14,0.00,0.00
72656,-4.38,0.20,0.00,0.40,18,0.00,0.00
72666,-4.38,0.21,0.00,0.42,22,0.00,0.00
72676,-4.38,0.21,0.00,0.42,26,0.00,0.00
72686,-4.38,0.22,0.00,0.33,30,0.00,0.00
72696,-4.38,0.22,0.00,0.37,34,0.00,0.00
72706,-4.36,0.22,1.25,0.40,40,0.00,0.00
72716,-4.36,0.23,0.00,0.31,44,0.00,0.00
72726,-4.36,0.23,0.00,0.23,48,0.00,0.00
72736,-4.35,0.23,1.25,0.05,52,0.00,0.00
72747,-4.34,0.23,1.25,-0.09,55,0.00,0.00
72756,-4.34,0.23,0.00,-0.07,57,0.00,0.00
72766,-4.32,0.23,1.25,-0.03,60,0.00,0.00
72776,-4.31,0.23,1.25,-0.17,62,0.00,0.00
72786,-4.30,0.22,1.25,-0.26,64,0.00,0.00
72796,-4.28,0.22,2.50,-0.17,67,0.00,0.00
72806,-4.25,0.22,2.50,-0.28,69,0.00,0.00
72816,-4.23,0.21,2.50,-0.98,67,0.00,0.00
72826,-4.19,0.20,3.75,-0.84,66,0.00,0.00
72836,-4.16,0.19,2.50,-0.99,63,0.00,0.00
72846,-4.13,0.18,3.75,-1.13,59,0.00,0.00
72856,-4.09,0.17,3.75,-1.12,55,0.00,0.00
72866,-4.06,0.16,2.50,-1.20,49,0.00,0.00
72877,-4.03,0.14,3.75,-1.15,44,0.00,0.00
72887,-3.99,0.13,3.75,-1.10,39,0.00,0.00
72897,-3.96,0.12,2.50,-1.05,33,0.00,0.00
72907,-3.94,0.12,2.50,-0.70,29,0.00,0.00
72918,-3.91,0.11,2.50,-0.37,27,0.00,0.00
72927,-3.91,0.11,0.00,-0.33,23,0.00,0.00
72937,-3.90,0.11,1.25,0.05,22,0.00,0.00
72947,-3.90,0.11,0.00,0.38,22,0.00,0.00
72957,-3.90,0.12,0.00,0.75,25,0.00,0.00
72967,-3.90,0.13,0.00,0.79,29,0.00,0.00
72977,-3.90,0.14,0.00,0.75,33,0.00,0.00
72987,-3.89,0.14,1.25,0.72,38,0.00,0.00
72997,-3.89,0.15,0.00,0.68,42,0.00,0.00
73007,-3.88,0.16,1.25,0.66,47,0.00,0.00
73017,-3.88,0.16,0.00,0.49,50,0.00,0.00
73027,-3.85,0.16,2.50,0.23,54,0.00,0.00
73037,-3.84,0.16,1.25,-0.10,55,0.00,0.00
73048,-3.83,0.16,1.25,-0.44,53,0.00,0.00
73058,-3.80,0.15,2.50,-0.49,52,0.00,0.00
73068,-3.78,0.15,2.50,-0.49,51,0.00,0.00
73078,-3.75,0.14,2.50,-0.68,48,0.00,0.00
73089,-3.73,0.13,2.50,-0.77,44,0.00,0.00
73098,-3.70,0.13,2.50,-0.87,39,0.00,0.00
73108,-3.68,0.12,2.50,-0.89,34,0.00,0.00
73118,-3.65,0.11,2.50,-0.91,29,0.00,0.00
73128,-3.64,0.10,1.25,-0.93,22,0.00,0.00
73138,-3.63,0.09,1.25,-0.77,16,0.00,0.00
73148,-3.63,0.09,0.00,0.07,14,0.00,0.00
73158,-3.63,0.09,0.00,0.28,13,0.00,0.00
73168,-3.63,0.10,0.00,0.28,13,0.00,0.00
73178,-3.63,0.10,0.00,0.49,14,0.00,0.00
73188,-3.63,0.11,0.00,0.47,15,0.00,0.00
73198,-3.63,0.11,0.00,0.42,16,0.00,0.00
73208,-3.63,0.11,0.00,0.38,17,0.00,0.00
73218,-3.63,0.12,0.00,0.35,18,0.00,0.00
73228,-3.63,0.12,0.00,0.33,19,0.00,0.00
73238,-3.63,0.12,0.00,0.31,20,0.00,0.00
73248,-3.63,0.13,0.00,0.30,21,0.00,0.00
73259,-3.63,0.13,0.00,0.28,22,0.00,0.00
73268,-3.63,0.13,0.00,0.30,23,0.00,0.00
73278,-3.63,0.14,0.00,0.37,25,0.00,0.00
73288,-3.63,0.14,0.00,0.37,27,0.00,0.00
73298,-3.63,0.14,0.00,0.35,29,0.00,0.00
73308,-3.63,0.15,0.00,0.35,31,0.00,0.00
73318,-3.63,0.15,0.00,0.24,33,0.00,0.00
73328,-3.63,0.15,0.00,0.23,35,0.00,0.00
73338,-3.63,0.15,0.00,0.24,37,0.00,0.00
73348,-3.63,0.16,0.00,0.24,39,0.00,0.00
73358,-3.61,0.16,1.25,0.23,42,0.00,0.00
73368,-3.60,0.16,1.25,0.23,45,0.00,0.00
73378,-3.60,0.16,0.00,0.21,47,0.00,0.00
73389,-3.59,0.17,1.25,0.19,50,0.00,0.00
73399,-3.59,0.16,0.00,-0.17,50,0.00,0.00
73409,-3.56,0.16,2.50,-0.49,49,0.00,0.00
73419,-3.54,0.15,2.50,-0.56,48,0.00,0.00
73430,-3.54,0.15,0.00,-0.79,43,0.00,0.00
73439,-3.51,0.14,2.50,-0.80,40,0.00,0.00
73449,-3.49,0.13,2.50,-0.84,36,0.00,0.00
73459,-3.46,0.12,2.50,-0.87,32,0.00,0.00
73469,-3.46,0.11,0.00,-0.87,25,0.00,0.00
73479,-3.44,0.10,2.50,-0.93,20,0.00,0.00
73489,-3.44,0.09,0.00,-0.89,13,0.00,0.00
73499,-3.44,0.09,0.00,-0.09,10,0.00,0.00
73509,-3.44,0.10,0.00,0.26,10,0.00,0.00
73519,-3.44,0.10,0.00,0.21,9,0.00,0.00
73529,-3.44,0.10,0.00,0.21,9,0.00,0.00
73539,-3.44,0.10,0.00,0.17,8,0.00,0.00
73549,-3.44,0.10,0.00,0.12,7,0.00,0.00
73560,-3.44,0.10,0.00,0.07,6,0.00,0.00
73570,-3.44,0.10,0.00,0.02,5,0.00,0.00
73580,-3.44,0.10,0.00,0.00,3,0.00,0.00
73590,-3.44,0.10,0.00,-0.03,1,0.00,0.00
73601,-3.44,0.10,0.00,-0.07,0,0.00,0.00
73610,-3.44,0.10,0.00,-0.10,-1,0.00,0.00
73620,-3.44,0.10,0.00,0.00,-2,0.00,0.00
73630,-3.44,0.10,0.00,0.00,-3,0.00,0.00
73640,-3.44,0.10,0.00,-0.03,-4,0.00,0.00
73650,-3.44,0.10,0.00,-0.09,-5,0.00,0.00
73660,-3.44,0.10,0.00,-0.14,-7,0.00,0.00
73670,-3.44,0.10,0.00,-0.24,-9,0.00,0.00
73680,-3.44,0.09,0.00,-0.24,-12,0.00,0.00
73690,-3.44,0.09,0.00,-0.17,-14,0.00,0.00
73700,-3.44,0.09,0.00,-0.14,-16,0.00,0.00
73710,-3.44,0.09,0.00,-0.19,-18,0.00,0.00
73720,-3.44,0.09,0.00,-0.23,-21,0.00,0.00
73730,-3.44,0.08,0.00,-0.17,-23,0.00,0.00
73740,-3.44,0.08,0.00,-0.21,-26,0.00,0.00
73750,-3.44,0.08,0.00,-0.24,-29,0.00,0.00
73760,-3.44,0.08,0.00,-0.23,-32,0.00,0.00
73771,-3.45,0.08,-1.25,-0.26,-36,0.00,0.00
73780,-3.45,0.07,0.00,-0.10,-39,0.00,0.00
73790,-3.45,0.07,0.00,-0.03,-41,0.00,0.00
73800,-3.46,0.07,-1.25,-0.03,-44,0.00,0.00
73810,-3.46,0.07,0.00,0.10,-45,0.00,0.00
73820,-3.48,0.08,-1.25,0.05,-47,0.00,0.00
73830,-3.49,0.08,-1.25,0.21,-48,0.00,0.00
73840,-3.49,0.08,0.00,-0.03,-50,0.00,0.00
73850,-3.50,0.08,-1.25,0.00,-53,0.00,0.00
73860,-3.51,0.08,-1.25,0.05,-55,0.00,0.00
73870,-3.54,0.08,-2.50,0.03,-59,0.00,0.00
73880,-3.55,0.08,-1.25,0.19,-61,0.00,0.00
73890,-3.58,0.08,-2.50,0.33,-63,0.00,0.00
73901,-3.60,0.09,-2.50,0.68,-62,0.00,0.00
73911,-3.63,0.10,-2.50,0.84,-60,0.00,0.00
73921,-3.65,0.11,-2.50,0.84,-57,0.00,0.00
73931,-3.68,0.12,-2.50,0.84,-54,0.00,0.00
73942,-3.71,0.13,-3.75,1.03,-51,0.00,0.00
73951,-3.74,0.14,-2.50,0.98,-47,0.00,0.00
73961,-3.78,0.14,-3.75,0.87,-44,0.00,0.00
73971,-3.80,0.15,-2.50,0.82,-40,0.00,0.00
73981,-3.83,0.16,-2.50,0.79,-36,0.00,0.00
73991,-3.83,0.17,0.00,0.77,-30,0.00,0.00
74001,-3.85,0.17,-2.50,0.72,-26,0.00,0.00
74011,-3.88,0.18,-2.50,0.10,-25,0.00,0.00
74021,-3.88,0.17,0.00,-0.26,-25,0.00,0.00
74031,-3.88,0.17,0.00,-0.26,-25,0.00,0.00
74041,-3.88,0.17,0.00,-0.47,-26,0.00,0.00
74051,-3.88,0.16,0.00,-0.54,-28,0.00,0.00
74061,-3.88,0.15,0.00,-0.58,-31,0.00,0.00
74072,-3.89,0.15,-1.25,-0.72,-36,0.00,0.00
74082,-3.90,0.14,-1.25,-0.75,-41,0.00,0.00
74092,-3.90,0.13,0.00,-0.75,-46,0.00,0.00
74102,-3.91,0.13,-1.25,-0.75,-52,0.00,0.00
74113,-3.93,0.12,-1.25,-0.54,-57,0.00,0.00
74122,-3.93,0.12,0.00,0.14,-57,0.00,0.00
74132,-3.95,0.12,-2.50,0.24,-58,0.00,0.00
74142,-3.98,0.13,-2.50,0.23,-59,0.00,0.00
74152,-4.00,0.13,-2.50,0.47,-58,0.00,0.00
74162,-4.03,0.14,-2.50,0.68,-56,0.00,0.00
74172,-4.05,0.14,-2.50,0.73,-53,0.00,0.00
74182,-4.07,0.15,-2.50,0.84,-49,0.00,0.00
74192,-4.10,0.16,-2.50,0.86,-45,0.00,0.00
74202,-4.13,0.17,-2.50,0.86,-40,0.00,0.00
74212,-4.15,0.18,-2.50,0.86,-35,0.00,0.00
74222,-4.18,0.19,-2.50,0.87,-30,0.00,0.00
74232,-4.18,0.20,0.00,0.91,-22,0.00,0.00
74242,-4.20,0.20,-2.50,0.58,-18,0.00,0.00
74252,-4.20,0.20,0.00,-0.16,-17,0.00,0.00
74262,-4.20,0.20,0.00,-0.35,-17,0.00,0.00
74272,-4.20,0.19,0.00,-0.66,-19,0.00,0.00
74283,-4.20,0.18,0.00,-0.68,-22,0.00,0.00
74292,-4.20,0.18,0.00,-0.59,-24,0.00,0.00
74302,-4.20,0.17,0.00,-0.52,-26,0.00,0.00
74312,-4.20,0.17,0.00,-0.33,-27,0.00,0.00
74322,-4.21,0.16,-1.25,-0.45,-30,0.00,0.00
74332,-4.21,0.16,0.00,-0.45,-32,0.00,0.00
74342,-4.21,0.16,0.00,-0.47,-34,0.00,0.00
74352,-4.23,0.15,-1.25,-0.47,-38,0.00,0.00
74362,-4.23,0.15,0.00,-0.47,-41,0.00,0.00
74372,-4.23,0.14,0.00,-0.45,-44,0.00,0.00
74382,-4.23,0.14,0.00,-0.47,-47,0.00,0.00
74392,-4.24,0.14,-1.25,-0.16,-49,0.00,0.00
74402,-4.24,0.14,0.00,0.16,-48,0.00,0.00
74413,-4.26,0.14,-2.50,0.10,-50,0.00,0.00
74423,-4.28,0.14,-1.25,0.14,-50,0.00,0.00
74433,-4.29,0.14,-1.25,0.49,-48,0.00,0.00
74443,-4.31,0.15,-2.50,0.56,-46,0.00,0.00
74454,-4.34,0.16,-2.50,0.58,-44,0.00,0.00
74463,-4.34,0.16,0.00,0.54,-40,0.00,0.00
74473,-4.36,0.17,-2.50,0.52,-38,0.00,0.00
74483,-4.39,0.17,-2.50,0.49,-36,0.00,0.00
74493,-4.39,0.18,0.00,0.47,-32,0.00,0.00
74503,-4.41,0.18,-2.50,0.49,-30,0.00,0.00
74513,-4.41,0.19,0.00,0.49,-26,0.00,0.00
74523,-4.43,0.19,-1.25,0.52,-22,0.00,0.00
74533,-4.44,0.19,-1.25,0.21,-20,0.00,0.00
74543,-4.44,0.19,0.00,-0.35,-21,0.00,0.00
74553,-4.44,0.19,0.00,-0.37,-22,0.00,0.00
74563,-4.44,0.18,0.00,-0.33,-23,0.00,0.00
74573,-4.44,0.18,0.00,-0.26,-23,0.00,0.00
74584,-4.44,0.18,0.00,-0.21,-23,0.00,0.00
74594,-4.44,0.18,0.00,-0.23,-23,0.00,0.00
74604,-4.44,0.17,0.00,-0.26,-24,0.00,0.00
74614,-4.44,0.17,0.00,-0.23,-25,0.00,0.00
74625,-4.44,0.17,0.00,-0.21,-26,0.00,0.00
74634,-4.44,0.17,0.00,-0.19,-27,0.00,0.00
74644,-4.44,0.16,0.00,-0.21,-28,0.00,0.00
74654,-4.44,0.16,0.00,-0.17,-29,0.00,0.00
74664,-4.44,0.16,0.00,-0.14,-30,0.00,0.00
74674,-4.44,0.16,0.00,-0.14,-31,0.00,0.00
74684,-4.44,0.16,0.00,-0.12,-32,0.00,0.00
74694,-4.44,0.16,0.00,-0.14,-33,0.00,0.00
74704,-4.44,0.16,0.00,-0.16,-34,0.00,0.00
74714,-4.44,0.15,0.00,-0.14,-35,0.00,0.00
74724,-4.44,0.15,0.00,-0.12,-36,0.00,0.00
74734,-4.44,0.15,0.00,-0.10,-37,0.00,0.00
74744,-4.46,0.15,-2.50,-0.10,-40,0.00,0.00
74754,-4.46,0.15,0.00,-0.05,-41,0.00,0.00
74764,-4.46,0.15,0.00,0.28,-39,0.00,0.00
74774,-4.49,0.16,-2.50,0.45,-38,0.00,0.00
74784,-4.49,0.16,0.00,0.45,-35,0.00,0.00
74795,-4.49,0.17,0.00,0.45,-32,0.00,0.00
74804,-4.49,0.17,0.00,0.44,-29,0.00,0.00
74814,-4.51,0.18,-2.50,0.45,-27,0.00,0.00
74824,-4.51,0.18,0.00,0.47,-23,0.00,0.00
74834,-4.51,0.19,0.00,0.51,-19,0.00,0.00
74844,-4.51,0.19,0.00,0.47,-15,0.00,0.00
74854,-4.51,0.19,0.00,-0.02,-14,0.00,0.00
74864,-4.51,0.19,0.00,-0.16,-14,0.00,0.00
74874,-4.51,0.19,0.00,-0.09,-13,0.00,0.00
74884,-4.51,0.19,0.00,-0.03,-12,0.00,0.00
74894,-4.51,0.19,0.00,0.02,-11,0.00,0.00
74904,-4.51,0.19,0.00,0.12,-9,0.00,0.00
74914,-4.51,0.19,0.00,0.17,-6,0.00,0.00
74925,-4.51,0.19,0.00,0.23,-3,0.00,0.00
74935,-4.51,0.20,0.00,0.28,0,0.00,0.00
74945,-4.51,0.20,0.00,0.33,3,0.00,0.00
74955,-4.51,0.20,0.00,0.21,5,0.00,0.00
74966,-4.51,0.20,0.00,0.17,7,0.00,0.00
74975,-4.51,0.20,0.00,0.10,9,0.00,0.00
74985,-4.51,0.21,0.00,0.19,11,0.00,0.00
74995,-4.51,0.21,0.00,0.30,14,0.00,0.00
75005,-4.51,0.21,0.00,0.37,18,0.00,0.00
75015,-4.51,0.22,0.00,0.33,22,0.00,0.00
75025,-4.51,0.22,0.00,0.24,25,0.00,0.00
75035,-4.51,0.22,0.00,0.33,29,0.00,0.00
75045,-4.51,0.22,0.00,0.33,33,0.00,0.00
75055,-4.50,0.23,1.25,0.28,38,0.00,0.00
75065,-4.50,0.23,0.00,0.28,42,0.00,0.00
75075,-4.50,0.23,0.00,0.33,46,0.00,0.00
75085,-4.49,0.23,1.25,0.05,50,0.00,0.00
75096,-4.48,0.23,1.25,0.02,53,0.00,0.00
75106,-4.46,0.23,1.25,-0.02,56,0.00,0.00
75116,-4.45,0.23,1.25,-0.28,58,0.00,0.00
75126,-4.43,0.23,2.50,-0.26,61,0.00,0.00
75137,-4.41,0.22,1.25,-0.40,62,0.00,0.00
75146,-4.39,0.22,2.50,-0.61,62,0.00,0.00
75156,-4.36,0.21,2.50,-0.77,61,0.00,0.00
75166,-4.34,0.20,2.50,-0.91,59,0.00,0.00
75176,-4.31,0.19,2.50,-0.98,56,0.00,0.00
75186,-4.28,0.18,3.75,-0.94,53,0.00,0.00
75196,-4.25,0.17,2.50,-0.93,49,0.00,0.00
75206,-4.21,0.16,3.75,-0.94,46,0.00,0.00
75216,-4.18,0.16,3.75,-0.87,43,0.00,0.00
75226,-4.18,0.15,0.00,-0.79,37,0.00,0.00
75236,-4.15,0.14,2.50,-0.72,33,0.00,0.00
75246,-4.13,0.13,2.50,-0.65,29,0.00,0.00
75256,-4.10,0.13,2.50,-0.30,28,0.00,0.00
75266,-4.10,0.13,0.00,0.05,27,0.00,0.00
75276,-4.09,0.13,1.25,0.09,27,0.00,0.00
75286,-4.07,0.13,1.25,0.26,28,0.00,0.00
75296,-4.07,0.14,0.00,0.52,30,0.00,0.00
75307,-4.07,0.15,0.00,0.77,34,0.00,0.00
75316,-4.06,0.16,1.25,0.80,40,0.00,0.00
75326,-4.05,0.16,1.25,0.82,46,0.00,0.00
75336,-4.05,0.17,0.00,0.68,51,0.00,0.00
75346,-4.04,0.17,1.25,-0.02,52,0.00,0.00
75356,-4.03,0.17,1.25,-0.10,53,0.00,0.00
75366,-4.00,0.17,2.50,-0.14,54,0.00,0.00
75376,-3.98,0.17,2.50,-0.14,55,0.00,0.00
75386,-3.95,0.16,2.50,-0.33,55,0.00,0.00
75396,-3.94,0.16,1.25,-0.52,53,0.00,0.00
75406,-3.91,0.15,2.50,-0.68,50,0.00,0.00
75416,-3.89,0.14,2.50,-0.65,47,0.00,0.00
75426,-3.85,0.14,3.75,-0.77,44,0.00,0.00
75437,-3.83,0.13,2.50,-0.77,40,0.00,0.00
75447,-3.81,0.12,1.25,-0.73,35,0.00,0.00
75457,-3.79,0.11,2.50,-0.75,31,0.00,0.00
75467,-3.78,0.11,1.25,-0.79,25,0.00,0.00
75478,-3.75,0.10,2.50,-0.49,22,0.00,0.00
75487,-3.75,0.10,0.00,0.05,20,0.00,0.00
75497,-3.74,0.10,1.25,0.19,20,0.00,0.00
75507,-3.74,0.11,0.00,0.26,20,0.00,0.00
75517,-3.74,0.11,0.00,0.68,23,0.00,0.00
75527,-3.74,0.12,0.00,0.77,26,0.00,0.00
75537,-3.74,0.13,0.00,0.72,29,0.00,0.00
75547,-3.74,0.14,0.00,0.70,33,0.00,0.00
75557,-3.74,0.14,0.00,0.68,37,0.00,0.00
75567,-3.73,0.15,1.25,0.68,42,0.00,0.00
75577,-3.73,0.16,0.00,0.68,46,0.00,0.00
75587,-3.73,0.16,0.00,0.37,49,0.00,0.00
75597,-3.73,0.16,0.00,0.02,50,0.00,0.00
75608,-3.71,0.16,1.25,-0.31,49,0.00,0.00
75618,-3.69,0.15,2.50,-0.28,49,0.00,0.00
75628,-3.68,0.15,1.25,-0.35,48,0.00,0.00
75638,-3.65,0.15,2.50,-0.37,48,0.00,0.00
75649,-3.63,0.14,2.50,-0.61,46,0.00,0.00
75658,-3.61,0.13,1.25,-0.79,42,0.00,0.00
75668,-3.59,0.12,2.50,-0.80,38,0.00,0.00
75678,-3.58,0.12,1.25,-0.80,33,0.00,0.00
75688,-3.55,0.11,2.50,-0.86,28,0.00,0.00
75698,-3.54,0.10,1.25,-0.89,22,0.00,0.00
75708,-3.53,0.09,1.25,-0.94,15,0.00,0.00
75718,-3.53,0.09,0.00,-0.17,12,0.00,0.00
75728,-3.53,0.09,0.00,0.28,11,0.00,0.00
75738,-3.53,0.09,0.00,0.30,11,0.00,0.00
75748,-3.53,0.10,0.00,0.42,12,0.00,0.00
75758,-3.53,0.10,0.00,0.28,12,0.00,0.00
75768,-3.53,0.10,0.00,0.19,11,0.00,0.00
75778,-3.53,0.10,0.00,0.12,10,0.00,0.00
75788,-3.53,0.10,0.00,0.07,9,0.00,0.00
75798,-3.53,0.11,0.00,0.19,9,0.00,0.00
75808,-3.53,0.11,0.00,0.26,9,0.00,0.00
75819,-3.53,0.11,0.00,0.17,9,0.00,0.00
75828,-3.53,0.11,0.00,0.10,8,0.00,0.00
75838,-3.53,0.11,0.00,0.05,7,0.00,0.00
75848,-3.53,0.11,0.00,0.14,7,0.00,0.00
75858,-3.53,0.12,0.00,0.14,7,0.00,0.00
75868,-3.53,0.12,0.00,0.07,6,0.00,0.00
75878,-3.53,0.12,0.00,0.02,5,0.00,0.00
75888,-3.53,0.12,0.00,-0.03,4,0.00,0.00
75898,-3.53,0.12,0.00,0.03,3,0.00,0.00
75908,-3.53,0.12,0.00,0.02,2,0.00,0.00
75918,-3.53,0.12,0.00,-0.02,1,0.00,0.00
75928,-3.53,0.12,0.00,-0.07,0,0.00,0.00
75938,-3.53,0.12,0.00,-0.02,0,0.00,0.00
75949,-3.53,0.12,0.00,0.00,0,0.00,0.00
75959,-3.53,0.11,0.00,-0.05,-1,0.00,0.00
75969,-3.53,0.11,0.00,-0.07,-2,0.00,0.00
75979,-3.53,0.11,0.00,-0.05,-3,0.00,0.00
75990,-3.53,0.11,0.00,-0.09,-4,0.00,0.00
75999,-3.53,0.11,0.00,-0.14,-5,0.00,0.00
76009,-3.53,0.11,0.00,-0.12,-6,0.00,0.00
76019,-3.53,0.11,0.00,-0.12,-7,0.00,0.00
76029,-3.53,0.11,0.00,-0.17,-9,0.00,0.00
76039,-3.53,0.11,0.00,-0.17,-11,0.00,0.00
76049,-3.53,0.10,0.00,-0.17,-13,0.00,0.00
76059,-3.53,0.10,0.00,-0.21,-15,0.00,0.00
76069,-3.53,0.10,0.00,-0.19,-17,0.00,0.00
76079,-3.53,0.10,0.00,-0.19,-19,0.00,0.00
76089,-3.53,0.10,0.00,-0.19,-21,0.00,0.00
76099,-3.53,0.09,0.00,-0.14,-23,0.00,0.00
76109,-3.53,0.09,0.00,-0.21,-26,0.00,0.00
76120,-3.53,0.09,0.00,-0.30,-29,0.00,0.00
76130,-3.53,0.09,0.00,-0.23,-32,0.00,0.00
76140,-3.53,0.09,0.00,-0.19,-35,0.00,0.00
76150,-3.54,0.08,-1.25,-0.14,-38,0.00,0.00
76161,-3.54,0.08,0.00,0.10,-39,0.00,0.00
76170,-3.55,0.09,-1.25,0.03,-41,0.00,0.00
76180,-3.55,0.09,0.00,0.00,-43,0.00,0.00
76190,-3.56,0.09,-1.25,0.12,-45,0.00,0.00
76200,-3.56,0.09,0.00,0.00,-47,0.00,0.00
76210,-3.58,0.09,-1.25,0.07,-49,0.00,0.00
76220,-3.59,0.09,-1.25,0.02,-51,0.00,0.00
76230,-3.60,0.09,-1.25,0.10,-53,0.00,0.00
76240,-3.61,0.09,-1.25,0.23,-54,0.00,0.00
76250,-3.64,0.09,-2.50,0.24,-56,0.00,0.00
76260,-3.65,0.10,-1.25,0.38,-56,0.00,0.00
76270,-3.68,0.10,-2.50,0.58,-55,0.00,0.00
76280,-3.70,0.11,-2.50,0.79,-53,0.00,0.00
76290,-3.73,0.12,-2.50,0.73,-51,0.00,0.00
76300,-3.75,0.12,-2.50,0.68,-49,0.00,0.00
76310,-3.78,0.13,-2.50,0.63,-47,0.00,0.00
76320,-3.79,0.14,-1.25,0.96,-42,0.00,0.00
76331,-3.81,0.15,-2.50,0.84,-38,0.00,0.00
76340,-3.84,0.16,-2.50,0.79,-34,0.00,0.00
76350,-3.86,0.16,-2.50,0.73,-30,0.00,0.00
76360,-3.86,0.17,0.00,0.40,-26,0.00,0.00
76370,-3.89,0.17,-2.50,-0.17,-27,0.00,0.00
76380,-3.89,0.16,0.00,-0.17,-27,0.00,0.00
76390,-3.89,0.16,0.00,-0.37,-28,0.00,0.00
76400,-3.89,0.15,0.00,-0.80,-32,0.00,0.00
76410,-3.89,0.15,0.00,-0.77,-36,0.00,0.00
76420,-3.89,0.14,0.00,-0.77,-41,0.00,0.00
76430,-3.91,0.13,-2.50,-0.77,-48,0.00,0.00
76440,-3.91,0.12,0.00,-0.68,-53,0.00,0.00
76450,-3.93,0.12,-1.25,-0.26,-56,0.00,0.00
76461,-3.94,0.12,-1.25,0.14,-57,0.00,0.00
76471,-3.96,0.12,-2.50,0.26,-58,0.00,0.00
76481,-3.98,0.13,-1.25,0.47,-56,0.00,0.00
76491,-4.01,0.13,-3.75,0.56,-55,0.00,0.00
76502,-4.04,0.14,-2.50,0.61,-53,0.00,0.00
76511,-4.06,0.15,-2.50,0.65,-51,0.00,0.00
76521,-4.09,0.15,-2.50,0.68,-48,0.00,0.00
76531,-4.11,0.16,-2.50,0.66,-45,0.00,0.00
76541,-4.14,0.17,-2.50,0.72,-41,0.00,0.00
76551,-4.15,0.18,-1.25,0.73,-36,0.00,0.00
76561,-4.16,0.18,-1.25,0.75,-31,0.00,0.00
76571,-4.19,0.19,-2.50,0.77,-26,0.00,0.00
76581,-4.20,0.19,-1.25,0.44,-22,0.00,0.00
76591,-4.21,0.19,-1.25,-0.05,-21,0.00,0.00
76601,-4.21,0.19,0.00,-0.31,-21,0.00,0.00
76611,-4.21,0.19,0.00,-0.35,-21,0.00,0.00
76621,-4.21,0.18,0.00,-0.72,-24,0.00,0.00
76632,-4.21,0.17,0.00,-0.65,-27,0.00,0.00
76642,-4.21,0.17,0.00,-0.59,-30,0.00,0.00
76652,-4.21,0.16,0.00,-0.54,-33,0.00,0.00
76662,-4.21,0.16,0.00,-0.54,-36,0.00,0.00
76673,-4.23,0.15,-1.25,-0.54,-40,0.00,0.00
76682,-4.23,0.15,0.00,-0.54,-43,0.00,0.00
76692,-4.23,0.14,0.00,-0.40,-46,0.00,0.00
76702,-4.25,0.14,-2.50,-0.19,-49,0.00,0.00
76712,-4.25,0.14,0.00,-0.14,-50,0.00,0.00
76722,-4.28,0.14,-2.50,-0.12,-53,0.00,0.00
76732,-4.28,0.14,0.00,0.28,-52,0.00,0.00
76742,-4.30,0.15,-2.50,0.45,-51,0.00,0.00
76752,-4.32,0.15,-2.50,0.59,-49,0.00,0.00
76762,-4.34,0.16,-1.25,0.63,-46,0.00,0.00
76772,-4.36,0.16,-2.50,0.59,-44,0.00,0.00
76782,-4.38,0.17,-1.25,0.61,-40,0.00,0.00
76792,-4.40,0.18,-2.50,0.66,-37,0.00,0.00
76802,-4.43,0.18,-2.50,0.66,-33,0.00,0.00
76812,-4.43,0.19,0.00,0.68,-27,0.00,0.00
76822,-4.44,0.20,-1.25,0.72,-22,0.00,0.00
76832,-4.45,0.20,-1.25,0.31,-19,0.00,0.00
76843,-4.45,0.20,0.00,-0.21,-18,0.00,0.00
76852,-4.45,0.20,0.00,-0.14,-17,0.00,0.00
76862,-4.45,0.19,0.00,-0.38,-18,0.00,0.00
76872,-4.45,0.19,0.00,-0.47,-19,0.00,0.00
76882,-4.45,0.18,0.00,-0.38,-20,0.00,0.00
76892,-4.45,0.18,0.00,-0.30,-21,0.00,0.00
76902,-4.45,0.18,0.00,-0.24,-21,0.00,0.00
76912,-4.45,0.18,0.00,-0.17,-21,0.00,0.00
76922,-4.45,0.18,0.00,-0.17,-21,0.00,0.00
76932,-4.45,0.17,0.00,-0.17,-21,0.00,0.00
76942,-4.45,0.17,0.00,-0.14,-21,0.00,0.00
76952,-4.45,0.17,0.00,-0.10,-21,0.00,0.00
76962,-4.45,0.17,0.00,-0.19,-22,0.00,0.00
76973,-4.45,0.17,0.00,-0.19,-23,0.00,0.00
76983,-4.45,0.17,0.00,-0.14,-23,0.00,0.00
76993,-4.45,0.16,0.00,-0.10,-23,0.00,0.00
77003,-4.45,0.16,0.00,-0.12,-23,0.00,0.00
77014,-4.45,0.16,0.00,-0.10,-23,0.00,0.00
77023,-4.45,0.16,0.00,-0.07,-23,0.00,0.00
77033,-4.45,0.16,0.00,-0.02,-23,0.00,0.00
77043,-4.45,0.16,0.00,-0.02,-23,0.00,0.00
77053,-4.45,0.16,0.00,0.00,-23,0.00,0.00
77063,-4.45,0.16,0.00,0.00,-23,0.00,0.00
77073,-4.45,0.16,0.00,-0.03,-23,0.00,0.00
77083,-4.45,0.16,0.00,0.00,-23,0.00,0.00
77093,-4.45,0.16,0.00,0.02,-23,0.00,0.00
77103,-4.45,0.16,0.00,0.02,-23,0.00,0.00
77113,-4.45,0.16,0.00,0.03,-22,0.00,0.00
77123,-4.45,0.16,0.00,0.03,-21,0.00,0.00
77133,-4.45,0.16,0.00,0.05,-20,0.00,0.00
77144,-4.45,0.16,0.00,0.07,-19,0.00,0.00
77154,-4.45,0.16,0.00,0.05,-18,0.00,0.00
77164,-4.45,0.16,0.00,0.09,-17,0.00,0.00
77174,-4.45,0.17,0.00,0.09,-16,0.00,0.00
77185,-4.45,0.17,0.00,0.10,-15,0.00,0.00
77194,-4.45,0.17,0.00,0.12,-14,0.00,0.00
77204,-4.45,0.17,0.00,0.12,-13,0.00,0.00
77214,-4.45,0.17,0.00,0.14,-11,0.00,0.00
77224,-4.45,0.17,0.00,0.14,-9,0.00,0.00
77234,-4.45,0.17,0.00,0.14,-7,0.00,0.00
77244,-4.45,0.17,0.00,0.16,-5,0.00,0.00
77254,-4.45,0.18,0.00,0.17,-3,0.00,0.00
77264,-4.45,0.18,0.00,0.19,-1,0.00,0.00
77274,-4.45,0.18,0.00,0.19,0,0.00,0.00
77284,-4.45,0.18,0.00,0.17,1,0.00,0.00
77294,-4.45,0.18,0.00,0.19,2,0.00,0.00
77304,-4.45,0.19,0.00,0.19,4,0.00,0.00
77314,-4.45,0.19,0.00,0.19,6,0.00,0.00
77324,-4.45,0.19,0.00,0.21,8,0.00,0.00
77334,-4.45,0.19,0.00,0.23,10,0.00,0.00
77344,-4.45,0.19,0.00,0.23,12,0.00,0.00
77355,-4.45,0.20,0.00,0.21,14,0.00,0.00
77364,-4.45,0.20,0.00,0.23,16,0.00,0.00
77374,-4.45,0.20,0.00,0.17,18,0.00,0.00
77384,-4.45,0.20,0.00,0.19,20,0.00,0.00
77394,-4.45,0.20,0.00,0.16,22,0.00,0.00
77404,-4.45,0.20,0.00,0.00,23,0.00,0.00
77414,-4.45,0.20,0.00,0.02,24,0.00,0.00
77424,-4.45,0.20,0.00,-0.10,24,0.00,0.00
77434,-4.44,0.20,1.25,-0.21,25,0.00,0.00
77444,-4.44,0.20,0.00,-0.40,23,0.00,0.00
77454,-4.44,0.19,0.00,-0.52,20,0.00,0.00
77464,-4.44,0.19,0.00,-0.38,18,0.00,0.00
77474,-4.44,0.19,0.00,-0.19,17,0.00,0.00
77485,-4.44,0.19,0.00,-0.07,17,0.00,0.00
77495,-4.44,0.18,0.00,-0.05,17,0.00,0.00
77505,-4.44,0.18,0.00,-0.07,17,0.00,0.00
77515,-4.44,0.18,0.00,-0.16,16,0.00,0.00
77526,-4.44,0.18,0.00,-0.10,16,0.00,0.00
77535,-4.44,0.18,0.00,-0.12,15,0.00,0.00
77545,-4.43,0.18,1.25,0.47,19,0.00,0.00
77555,-4.43,0.19,0.00,0.89,25,0.00,0.00
77565,-4.43,0.21,0.00,1.22,34,0.00,0.00
77575,-4.43,0.22,0.00,1.36,44,0.00,0.00
77585,-4.43,0.23,0.00,1.47,56,0.00,0.00
77595,-4.43,0.26,0.00,2.50,75,0.00,0.00
77605,-4.43,0.30,0.00,3.91,104,0.00,0.00
77615,-4.43,0.37,0.00,7.35,158,0.00,0.00
77625,-4.40,0.49,2.50,11.66,245,0.00,0.00
77635,-4.31,0.62,8.75,12.92,350,0.00,0.00
77645,-4.18,0.75,13.75,13.11,416,0.00,0.00
77656,-3.98,0.87,20.00,12.55,423,0.00,0.00
77666,-3.73,0.98,25.00,10.91,422,0.00,0.00
77676,-3.44,1.08,28.75,9.81,423,0.00,0.00
77686,-3.15,1.17,28.75,8.52,419,0.00,0.00
77697,-2.84,1.24,31.25,7.37,418,0.00,0.00
77706,-2.55,1.30,28.75,6.41,413,0.00,0.00
77716,-2.23,1.36,32.50,5.69,415,0.00,0.00
77726,-1.90,1.41,32.50,5.13,414,0.00,0.00
77736,-1.58,1.46,32.50,4.45,412,0.00,0.00
77746,-1.26,1.49,31.25,3.63,408,0.00,0.00
