59696,0.00,0.05,0.00,-0.72,-0.06,0.00,0.00
59706,0.00,0.04,0.00,-0.75,-0.10,0.00,0.00
59716,0.00,0.03,0.00,-0.79,-0.14,0.00,0.00
59726,0.00,0.02,0.00,-0.84,-0.18,0.00,0.00
59737,0.00,0.02,0.00,-0.87,-0.22,0.00,0.00
59747,0.00,0.01,0.00,-0.93,-0.27,0.00,0.00
59757,0.00,-0.00,0.00,-0.99,-0.33,0.00,0.00
59767,0.00,-0.01,0.00,-1.06,-0.39,0.00,0.00
59778,0.00,-0.03,0.00,-1.12,-0.45,0.00,0.00
59787,0.00,-0.04,0.00,-1.19,-0.51,0.00,0.00
59797,0.00,-0.05,0.00,-1.24,-0.57,0.00,0.00
59807,0.00,-0.06,0.00,-1.31,-0.64,0.00,0.00
59817,0.00,-0.08,0.00,-1.55,-0.77,0.00,0.00
59827,0.00,-0.09,0.00,-1.47,-0.79,0.00,0.00
59837,0.00,-0.11,0.00,-1.55,-0.88,0.00,0.00
59847,0.00,-0.12,0.00,-1.59,-0.94,0.00,0.00
59857,-0.01,-0.14,-1.25,-1.68,-1.29,0.00,0.00
59867,-0.01,-0.16,0.00,-1.62,-1.07,0.00,0.00
59877,-0.01,-0.17,0.00,-1.57,-1.11,0.00,0.00
59887,-0.04,-0.19,-2.50,-1.52,-1.67,0.00,0.00
59897,-0.05,-0.20,-1.25,-1.66,-1.51,0.00,0.00
59907,-0.08,-0.22,-2.50,-1.55,-1.80,0.00,0.00
59917,-0.10,-0.23,-2.50,-1.19,-1.73,0.00,0.00
59927,-0.12,-0.24,-2.50,-1.10,-1.74,0.00,0.00
59937,-0.16,-0.25,-3.75,-0.75,-1.92,0.00,0.00
59948,-0.21,-0.26,-5.00,-0.80,-2.23,0.00,0.00
59957,-0.26,-0.26,-5.00,-0.61,-2.20,0.00,0.00
59967,-0.31,-0.27,-5.00,-0.35,-2.13,0.00,0.00
59977,-0.39,-0.27,-7.50,0.16,-2.49,0.00,0.00
59987,-0.46,-0.27,-7.50,0.09,-2.52,0.00,0.00
59997,-0.54,-0.26,-7.50,0.26,-2.46,0.00,0.00
60007,-0.61,-0.26,-7.50,0.59,-2.34,0.00,0.00
60017,-0.71,-0.25,-10.00,0.63,-2.84,0.00,0.00
60027,-0.80,-0.24,-8.75,0.63,-2.56,0.00,0.00
60037,-0.90,-0.24,-10.00,0.58,-2.83,0.00,0.00
60047,-1.00,-0.23,-10.00,0.94,-2.69,0.00,0.00
60057,-1.10,-0.22,-10.00,0.94,-2.67,0.00,0.00
60067,-1.23,-0.21,-12.50,1.20,-3.08,0.00,0.00
60078,-1.34,-0.20,-11.25,1.05,-2.84,0.00,0.00
60088,-1.46,-0.19,-12.50,1.22,-3.01,0.00,0.00
60098,-1.59,-0.17,-12.50,1.38,-2.93,0.00,0.00
60108,-1.73,-0.16,-13.75,1.34,-3.17,0.00,0.00
60119,-1.85,-0.14,-12.50,1.61,-2.77,0.00,0.00
60128,-1.99,-0.13,-13.75,1.62,-2.99,0.00,0.00
60138,-2.13,-0.11,-13.75,1.71,-2.91,0.00,0.00
60148,-2.26,-0.09,-13.75,1.83,-2.82,0.00,0.00
60158,-2.41,-0.07,-15.00,1.94,-3.00,0.00,0.00
60168,-2.54,-0.05,-12.50,1.66,-2.51,0.00,0.00
60178,-2.68,-0.04,-13.75,1.55,-2.77,0.00,0.00
60188,-2.83,-0.03,-15.00,1.27,-3.09,0.00,0.00
60198,-2.96,-0.02,-13.75,0.89,-2.93,0.00,0.00
60208,-3.10,-0.01,-13.75,1.19,-2.81,0.00,0.00
60218,-3.24,0.01,-13.75,1.31,-2.73,0.00,0.00
60228,-3.39,0.02,-15.00,1.40,-2.93,0.00,0.00
60238,-3.54,0.03,-15.00,1.26,-2.95,0.00,0.00
60249,-3.68,0.04,-13.75,0.98,-2.75,0.00,0.00
60259,-3.83,0.06,-15.00,1.17,-2.93,0.00,0.00
60269,-3.98,0.07,-15.00,1.20,-2.89,0.00,0.00
60279,-4.13,0.08,-15.00,1.08,-2.90,0.00,0.00
60290,-4.28,0.09,-15.00,1.38,-2.77,0.00,0.00
60299,-4.41,0.11,-13.75,1.34,-2.48,0.00,0.00
60309,-4.56,0.12,-15.00,1.27,-2.74,0.00,0.00
60319,-4.70,0.13,-13.75,1.20,-2.47,0.00,0.00
60329,-4.85,0.14,-15.00,0.96,-2.79,0.00,0.00
60339,-4.99,0.15,-13.75,0.80,-2.56,0.00,0.00
60349,-5.14,0.16,-15.00,0.73,-2.83,0.00,0.00
60359,-5.26,0.16,-12.50,0.79,-2.28,0.00,0.00
60369,-5.41,0.17,-15.00,1.08,-2.68,0.00,0.00
60379,-5.54,0.19,-12.50,1.12,-2.12,0.00,0.00
60389,-5.68,0.20,-13.75,0.98,-2.40,0.00,0.00
60399,-5.81,0.21,-13.75,1.01,-2.37,0.00,0.00
60409,-5.95,0.21,-13.75,0.33,-2.59,0.00,0.00
60419,-6.05,0.21,-10.00,0.12,-1.87,0.00,0.00
60429,-6.20,0.21,-15.00,0.05,-2.96,0.00,0.00
60439,-6.32,0.21,-12.50,-0.05,-2.48,0.00,0.00
60449,-6.45,0.21,-12.50,-0.44,-2.63,0.00,0.00
60460,-6.57,0.21,-12.50,0.21,-2.42,0.00,0.00
60469,-6.70,0.21,-12.50,0.30,-2.40,0.00,0.00
60479,-6.84,0.21,-13.75,0.26,-2.67,0.00,0.00
60489,-6.98,0.22,-13.75,0.38,-2.63,0.00,0.00
60499,-7.11,0.22,-13.75,0.33,-2.65,0.00,0.00
60509,-7.24,0.23,-12.50,0.80,-2.22,0.00,0.00
60519,-7.36,0.24,-12.50,0.89,-2.17,0.00,0.00
60529,-7.50,0.25,-13.75,0.98,-2.39,0.00,0.00
60539,-7.63,0.26,-12.50,0.84,-2.15,0.00,0.00
60549,-7.74,0.26,-11.25,0.37,-2.04,0.00,0.00
60559,-7.86,0.26,-12.50,0.16,-2.37,0.00,0.00
60569,-7.99,0.26,-12.50,0.17,-2.37,0.00,0.00
60579,-8.11,0.26,-12.50,0.03,-2.42,0.00,0.00
60590,-8.24,0.26,-12.50,0.02,-2.44,0.00,0.00
60600,-8.38,0.26,-13.75,-0.10,-2.76,0.00,0.00
60610,-8.50,0.27,-12.50,0.40,-2.33,0.00,0.00
60620,-8.63,0.27,-12.50,0.82,-2.18,0.00,0.00
60631,-8.75,0.28,-12.50,0.98,-2.11,0.00,0.00
60640,-8.86,0.29,-11.25,0.99,-1.81,0.00,0.00
60650,-8.99,0.30,-12.50,0.93,-2.08,0.00,0.00
60660,-9.10,0.31,-11.25,0.73,-1.86,0.00,0.00
60670,-9.23,0.31,-12.50,0.21,-2.29,0.00,0.00
60680,-9.30,0.31,-7.50,0.23,-1.24,0.00,0.00
60690,-9.43,0.32,-12.50,0.05,-2.35,0.00,0.00
60700,-9.52,0.32,-10.00,0.00,-1.85,0.00,0.00
60710,-9.63,0.31,-10.00,-0.42,-2.01,0.00,0.00
60720,-9.73,0.31,-10.00,-0.21,-1.96,0.00,0.00
60730,-9.84,0.31,-11.25,0.02,-2.16,0.00,0.00
60740,-9.94,0.31,-10.00,0.17,-1.85,0.00,0.00
60750,-10.05,0.31,-11.25,0.10,-2.14,0.00,0.00
60761,-10.15,0.31,-10.00,0.21,-1.85,0.00,0.00
60771,-10.25,0.32,-10.00,0.40,-1.78,0.00,0.00
60781,-10.38,0.32,-12.50,0.42,-2.30,0.00,0.00
60791,-10.48,0.33,-10.00,0.38,-1.78,0.00,0.00
60802,-10.57,0.33,-10.00,0.40,-1.77,0.00,0.00
60811,-10.68,0.34,-10.00,0.89,-1.59,0.00,0.00
60821,-10.77,0.35,-10.00,0.87,-1.57,0.00,0.00
60831,-10.86,0.35,-8.75,0.68,-1.36,0.00,0.00
60841,-10.96,0.36,-10.00,0.35,-1.72,0.00,0.00
60851,-11.04,0.36,-7.50,0.02,-1.31,0.00,0.00
60861,-11.11,0.36,-7.50,-0.02,-1.33,0.00,0.00
60871,-11.20,0.36,-8.75,-0.14,-1.64,0.00,0.00
60881,-11.29,0.36,-8.75,-0.07,-1.63,0.00,0.00
60891,-11.36,0.35,-7.50,-0.23,-1.43,0.00,0.00
60901,-11.44,0.35,-7.50,0.00,-1.37,0.00,0.00
60911,-11.51,0.36,-7.50,0.24,-1.29,0.00,0.00
60921,-11.59,0.36,-7.50,0.07,-1.35,0.00,0.00
60931,-11.65,0.36,-6.25,-0.10,-1.15,0.00,0.00
60941,-11.71,0.35,-6.25,-0.10,-1.16,0.00,0.00
60951,-11.79,0.35,-7.50,-0.21,-1.47,0.00,0.00
60961,-11.84,0.35,-5.00,-0.38,-1.02,0.00,0.00
60972,-11.91,0.35,-7.50,-0.37,-1.56,0.00,0.00
60981,-11.96,0.34,-5.00,-0.42,-1.07,0.00,0.00
60991,-12.04,0.34,-7.50,-0.21,-1.54,0.00,0.00
61001,-12.09,0.34,-5.00,-0.17,-1.01,0.00,0.00
61011,-12.16,0.34,-7.50,-0.16,-1.55,0.00,0.00
61021,-12.21,0.34,-5.00,0.09,-0.94,0.00,0.00
61031,-12.27,0.34,-6.25,-0.05,-1.26,0.00,0.00
61041,-12.34,0.34,-6.25,0.03,-1.24,0.00,0.00
61051,-12.39,0.34,-5.00,-0.05,-1.01,0.00,0.00
61061,-12.44,0.33,-5.00,-0.10,-1.03,0.00,0.00
61071,-12.50,0.34,-6.25,0.05,-1.25,0.00,0.00
61081,-12.55,0.33,-5.00,-0.12,-1.05,0.00,0.00
61091,-12.60,0.33,-5.00,-0.10,-1.05,0.00,0.00
61102,-12.65,0.33,-5.00,0.17,-0.96,0.00,0.00
61112,-12.69,0.34,-3.75,0.09,-0.73,0.00,0.00
61122,-12.74,0.34,-5.00,0.09,-0.99,0.00,0.00
61132,-12.79,0.34,-5.00,0.00,-1.02,0.00,0.00
61143,-12.82,0.34,-3.75,-0.09,-0.80,0.00,0.00
61152,-12.86,0.33,-3.75,-0.05,-0.79,0.00,0.00
61162,-12.90,0.33,-3.75,-0.07,-0.80,0.00,0.00
61172,-12.94,0.33,-3.75,-0.09,-0.81,0.00,0.00
61182,-12.98,0.33,-3.75,-0.33,-0.91,0.00,0.00
61192,-13.00,0.33,-2.50,-0.19,-0.61,0.00,0.00
61202,-13.04,0.33,-3.75,-0.21,-0.89,0.00,0.00
61212,-13.07,0.32,-3.75,-0.23,-0.90,0.00,0.00
61222,-13.10,0.32,-2.50,-0.21,-0.65,0.00,0.00
61232,-13.13,0.32,-2.50,-0.05,-0.60,0.00,0.00
61242,-13.15,0.32,-2.50,-0.03,-0.60,0.00,0.00
61252,-13.18,0.32,-2.50,-0.12,-0.63,0.00,0.00
61262,-13.20,0.32,-2.50,-0.17,-0.66,0.00,0.00
61273,-13.21,0.32,-1.25,-0.23,-0.42,0.00,0.00
61283,-13.24,0.31,-2.50,-0.30,-0.72,0.00,0.00
61293,-13.25,0.31,-1.25,-0.28,-0.46,0.00,0.00
61303,-13.26,0.31,-1.25,-0.28,-0.47,0.00,0.00
61314,-13.27,0.30,-1.25,-0.26,-0.48,0.00,0.00
61323,-13.29,0.30,-1.25,-0.37,-0.52,0.00,0.00
61333,-13.29,0.30,0.00,-0.49,-0.32,0.00,0.00
61343,-13.29,0.30,0.00,0.09,-0.13,0.00,0.00
61353,-13.30,0.30,-1.25,-0.10,-0.46,0.00,0.00
61363,-13.30,0.29,0.00,-0.10,-0.20,0.00,0.00
61373,-13.30,0.30,0.00,0.14,-0.12,0.00,0.00
61383,-13.30,0.30,0.00,0.12,-0.12,0.00,0.00
61393,-13.30,0.30,0.00,0.21,-0.08,0.00,0.00
61403,-13.30,0.30,0.00,0.45,0.01,0.00,0.00
61413,-13.30,0.31,0.00,0.51,0.05,0.00,0.00
61423,-13.30,0.32,0.00,0.68,0.13,0.00,0.00
61433,-13.30,0.32,0.00,0.77,0.18,0.00,0.00
61443,-13.30,0.33,0.00,0.84,0.23,0.00,0.00
61453,-13.30,0.34,0.00,0.94,0.30,0.00,0.00
61463,-13.30,0.35,0.00,1.06,0.38,0.00,0.00
61473,-13.30,0.36,0.00,1.19,0.46,0.00,0.00
61484,-13.30,0.38,0.00,1.36,0.56,0.00,0.00
61493,-13.30,0.39,0.00,1.17,0.54,0.00,0.00
61503,-13.30,0.40,0.00,0.98,0.51,0.00,0.00
61513,-13.30,0.41,0.00,1.31,0.66,0.00,0.00
61523,-13.30,0.43,0.00,1.43,0.75,0.00,0.00
61533,-13.30,0.44,0.00,1.34,0.77,0.00,0.00
61543,-13.29,0.45,1.25,1.54,1.15,0.00,0.00
61553,-13.29,0.47,0.00,1.55,0.95,0.00,0.00
61563,-13.27,0.48,1.25,1.33,1.19,0.00,0.00
61573,-13.27,0.50,0.00,1.54,1.04,0.00,0.00
61583,-13.26,0.52,1.25,1.59,1.38,0.00,0.00
61593,-13.25,0.53,1.25,1.55,1.42,0.00,0.00
61603,-13.23,0.55,2.50,1.57,1.75,0.00,0.00
61614,-13.20,0.56,2.50,1.22,1.68,0.00,0.00
61624,-13.16,0.57,3.75,1.13,1.96,0.00,0.00
61634,-13.13,0.58,3.75,0.86,1.90,0.00,0.00
61644,-13.09,0.58,3.75,0.56,1.83,0.00,0.00
61655,-13.04,0.59,5.00,0.52,2.11,0.00,0.00
61664,-12.99,0.59,5.00,0.47,2.11,0.00,0.00
61674,-12.91,0.60,7.50,0.38,2.63,0.00,0.00
61684,-12.84,0.60,7.50,0.31,2.62,0.00,0.00
61694,-12.76,0.60,7.50,-0.35,2.41,0.00,0.00
61704,-12.68,0.59,8.75,-0.59,2.58,0.00,0.00
61714,-12.59,0.58,8.75,-0.70,2.53,0.00,0.00
61724,-12.48,0.58,11.25,-0.61,3.07,0.00,0.00
61734,-12.38,0.57,10.00,-0.84,2.71,0.00,0.00
61744,-12.27,0.56,10.00,-0.91,2.67,0.00,0.00
61754,-12.15,0.55,12.50,-1.43,2.99,0.00,0.00
61764,-12.04,0.53,11.25,-1.24,2.75,0.00,0.00
61774,-11.91,0.52,12.50,-1.41,2.92,0.00,0.00
61785,-11.79,0.51,12.50,-1.33,2.91,0.00,0.00
61795,-11.64,0.49,15.00,-1.20,3.45,0.00,0.00
61805,-11.51,0.48,12.50,-1.55,2.77,0.00,0.00
61815,-11.36,0.46,15.00,-1.68,3.21,0.00,0.00
61826,-11.21,0.44,15.00,-2.04,3.03,0.00,0.00
61835,-11.07,0.42,13.75,-1.85,2.78,0.00,0.00
61845,-10.93,0.41,15.00,-1.83,3.00,0.00,0.00
61855,-10.77,0.39,15.00,-1.69,3.00,0.00,0.00
61865,-10.63,0.37,15.00,-1.73,2.94,0.00,0.00
61875,-10.49,0.35,13.75,-1.78,2.61,0.00,0.00
61885,-10.32,0.33,16.25,-1.85,3.06,0.00,0.00
61895,-10.18,0.32,15.00,-1.59,2.84,0.00,0.00
61905,-10.01,0.30,16.25,-1.55,3.08,0.00,0.00
61915,-9.89,0.29,12.50,-1.54,2.25,0.00,0.00
61925,-9.74,0.27,15.00,-1.62,2.71,0.00,0.00
61935,-9.59,0.26,15.00,-1.52,2.70,0.00,0.00
61945,-9.44,0.24,15.00,-1.41,2.70,0.00,0.00
61955,-9.30,0.23,13.75,-1.34,2.42,0.00,0.00
61965,-9.15,0.22,15.00,-1.01,2.77,0.00,0.00
61975,-9.01,0.21,13.75,-0.87,2.53,0.00,0.00
61985,-8.86,0.21,15.00,-0.49,2.91,0.00,0.00
61996,-8.71,0.20,15.00,-0.54,2.89,0.00,0.00
62005,-8.59,0.19,12.50,-0.68,2.31,0.00,0.00
62015,-8.44,0.18,15.00,-1.06,2.69,0.00,0.00
62025,-8.31,0.17,12.50,-1.22,2.08,0.00,0.00
62035,-8.16,0.16,15.00,-1.12,2.61,0.00,0.00
62045,-8.05,0.15,11.25,-0.82,1.90,0.00,0.00
62055,-7.91,0.14,13.75,-0.75,2.44,0.00,0.00
62065,-7.79,0.14,12.50,-0.35,2.30,0.00,0.00
62075,-7.66,0.14,12.50,-0.21,2.35,0.00,0.00
62085,-7.55,0.14,11.25,-0.23,2.08,0.00,0.00
62095,-7.43,0.13,12.50,-0.17,2.37,0.00,0.00
62105,-7.30,0.13,12.50,-0.12,2.39,0.00,0.00
62115,-7.18,0.13,12.50,0.12,2.49,0.00,0.00
62126,-7.04,0.13,13.75,0.10,2.76,0.00,0.00
62136,-6.90,0.13,13.75,-0.45,2.58,0.00,0.00
62146,-6.79,0.13,11.25,-0.51,2.03,0.00,0.00
62156,-6.64,0.12,15.00,-0.96,2.65,0.00,0.00
62167,-6.51,0.11,12.50,-0.87,2.13,0.00,0.00
62176,-6.41,0.10,10.00,-0.93,1.57,0.00,0.00
62186,-6.28,0.09,13.75,-1.22,2.23,0.00,0.00
62196,-6.16,0.07,11.25,-1.15,1.70,0.00,0.00
62206,-6.04,0.07,12.50,-0.03,2.33,0.00,0.00
62216,-5.94,0.07,10.00,-0.02,1.82,0.00,0.00
62226,-5.82,0.07,11.25,-0.09,2.06,0.00,0.00
62236,-5.71,0.07,11.25,-0.19,2.03,0.00,0.00
62246,-5.61,0.07,10.00,-0.05,1.82,0.00,0.00
62256,-5.51,0.07,10.00,0.02,1.86,0.00,0.00
62266,-5.41,0.07,10.00,-0.14,1.81,0.00,0.00
62276,-5.29,0.07,12.50,0.05,2.41,0.00,0.00
62286,-5.19,0.07,10.00,0.07,1.90,0.00,0.00
62297,-5.07,0.07,11.25,-0.09,2.12,0.00,0.00
62307,-4.96,0.07,11.25,-0.19,2.09,0.00,0.00
62317,-4.86,0.06,10.00,-0.47,1.73,0.00,0.00
62327,-4.75,0.06,11.25,-0.68,1.91,0.00,0.00
62338,-4.64,0.05,11.25,-0.63,1.92,0.00,0.00
62347,-4.54,0.05,10.00,-0.38,1.73,0.00,0.00
62357,-4.44,0.04,10.00,-0.58,1.66,0.00,0.00
62367,-4.34,0.03,10.00,-0.70,1.60,0.00,0.00
62377,-4.25,0.03,8.75,-0.38,1.43,0.00,0.00
62387,-4.16,0.03,8.75,-0.05,1.55,0.00,0.00
62397,-4.07,0.03,8.75,-0.10,1.53,0.00,0.00
62407,-3.99,0.03,8.75,0.17,1.64,0.00,0.00
62417,-3.91,0.03,7.50,0.19,1.39,0.00,0.00
62427,-3.84,0.03,7.50,0.12,1.38,0.00,0.00
62437,-3.75,0.03,8.75,0.17,1.67,0.00,0.00
62447,-3.68,0.04,7.50,0.40,1.51,0.00,0.00
62457,-3.59,0.04,8.75,0.28,1.75,0.00,0.00
62467,-3.51,0.04,7.50,0.03,1.41,0.00,0.00
62477,-3.44,0.04,7.50,0.02,1.42,0.00,0.00
62487,-3.35,0.04,8.75,-0.17,1.62,0.00,0.00
62497,-3.28,0.04,7.50,-0.10,1.38,0.00,0.00
62508,-3.19,0.04,8.75,-0.14,1.64,0.00,0.00
62517,-3.14,0.03,5.00,-0.23,0.82,0.00,0.00
62527,-3.05,0.03,8.75,-0.19,1.62,0.00,0.00
62537,-2.99,0.03,6.25,-0.03,1.15,0.00,0.00
62547,-2.91,0.04,7.50,0.47,1.59,0.00,0.00
62557,-2.85,0.04,6.25,0.24,1.27,0.00,0.00
62567,-2.79,0.04,6.25,0.02,1.21,0.00,0.00
62577,-2.71,0.04,7.50,0.03,1.48,0.00,0.00
62587,-2.65,0.04,6.25,0.24,1.30,0.00,0.00
62597,-2.59,0.04,6.25,0.16,1.29,0.00,0.00
62607,-2.53,0.04,6.25,-0.30,1.14,0.00,0.00
62617,-2.46,0.04,6.25,-0.19,1.17,0.00,0.00
62627,-2.40,0.04,6.25,-0.09,1.20,0.00,0.00
62638,-2.35,0.04,5.00,0.00,0.97,0.00,0.00
62648,-2.29,0.04,6.25,-0.10,1.20,0.00,0.00
62658,-2.24,0.04,5.00,-0.03,0.97,0.00,0.00
62668,-2.19,0.04,5.00,0.02,0.99,0.00,0.00
62679,-2.14,0.04,5.00,-0.17,0.93,0.00,0.00
62688,-2.09,0.03,5.00,-0.19,0.92,0.00,0.00
62698,-2.05,0.03,3.75,-0.14,0.67,0.00,0.00
62708,-2.01,0.03,3.75,-0.14,0.67,0.00,0.00
62718,-1.96,0.04,5.00,0.44,1.14,0.00,0.00
62728,-1.94,0.04,2.50,0.52,0.66,0.00,0.00
62738,-1.90,0.04,3.75,0.38,0.89,0.00,0.00
62748,-1.86,0.05,3.75,0.19,0.84,0.00,0.00
62758,-1.84,0.05,2.50,0.17,0.58,0.00,0.00
62768,-1.80,0.05,3.75,0.26,0.89,0.00,0.00
62778,-1.77,0.05,2.50,0.17,0.60,0.00,0.00
62788,-1.75,0.06,2.50,0.42,0.70,0.00,0.00
62798,-1.73,0.06,2.50,0.21,0.64,0.00,0.00
62809,-1.70,0.06,2.50,0.38,0.71,0.00,0.00
62819,-1.67,0.07,2.50,0.44,0.75,0.00,0.00
62829,-1.65,0.07,2.50,0.37,0.74,0.00,0.00
62839,-1.63,0.07,2.50,0.28,0.72,0.00,0.00
62850,-1.60,0.08,2.50,0.21,0.71,0.00,0.00
62859,-1.58,0.08,2.50,0.12,0.69,0.00,0.00
62869,-1.55,0.08,2.50,0.14,0.70,0.00,0.00
62879,-1.54,0.08,1.25,0.03,0.41,0.00,0.00
62889,-1.51,0.08,2.50,0.07,0.69,0.00,0.00
62899,-1.50,0.08,1.25,0.07,0.43,0.00,0.00
62909,-1.48,0.08,2.50,0.42,0.82,0.00,0.00
62919,-1.46,0.09,1.25,0.35,0.55,0.00,0.00
62929,-1.45,0.09,1.25,0.31,0.55,0.00,0.00
62939,-1.44,0.09,1.25,0.17,0.51,0.00,0.00
62949,-1.41,0.09,2.50,0.10,0.76,0.00,0.00
62959,-1.41,0.10,0.00,0.30,0.30,0.00,0.00
62969,-1.39,0.10,2.50,0.21,0.81,0.00,0.00
62979,-1.39,0.10,0.00,0.07,0.24,0.00,0.00
62989,-1.36,0.10,2.50,0.10,0.79,0.00,0.00
62999,-1.36,0.10,0.00,0.14,0.28,0.00,0.00
63009,-1.36,0.10,0.00,0.16,0.29,0.00,0.00
63020,-1.35,0.11,1.25,0.30,0.61,0.00,0.00
63029,-1.35,0.11,0.00,0.37,0.38,0.00,0.00
63039,-1.34,0.11,1.25,0.42,0.68,0.00,0.00
63049,-1.34,0.12,0.00,0.40,0.42,0.00,0.00
63059,-1.34,0.12,0.00,0.38,0.43,0.00,0.00
63069,-1.34,0.13,0.00,0.37,0.44,0.00,0.00
63079,-1.34,0.13,0.00,0.30,0.42,0.00,0.00
63089,-1.34,0.13,0.00,0.24,0.42,0.00,0.00
63099,-1.34,0.13,0.00,0.21,0.41,0.00,0.00
63109,-1.34,0.13,0.00,0.17,0.41,0.00,0.00
63119,-1.34,0.14,0.00,0.12,0.39,0.00,0.00
63129,-1.34,0.14,0.00,0.09,0.39,0.00,0.00
63139,-1.34,0.14,0.00,0.03,0.37,0.00,0.00
63150,-1.34,0.14,0.00,0.00,0.36,0.00,0.00
63160,-1.34,0.14,0.00,-0.05,0.34,0.00,0.00
63170,-1.34,0.14,0.00,-0.09,0.33,0.00,0.00
63180,-1.34,0.13,0.00,-0.14,0.31,0.00,0.00
63191,-1.34,0.13,0.00,-0.17,0.29,0.00,0.00
63200,-1.34,0.13,0.00,-0.21,0.27,0.00,0.00
63210,-1.34,0.13,0.00,-0.28,0.24,0.00,0.00
63220,-1.34,0.12,0.00,-0.33,0.21,0.00,0.00
63230,-1.34,0.12,0.00,-0.37,0.19,0.00,0.00
63240,-1.34,0.12,0.00,-0.42,0.15,0.00,0.00
63250,-1.34,0.11,0.00,-0.45,0.13,0.00,0.00
63260,-1.34,0.11,0.00,-0.51,0.09,0.00,0.00
63270,-1.34,0.10,0.00,-0.54,0.06,0.00,0.00
63280,-1.34,0.10,0.00,-0.59,0.02,0.00,0.00
63290,-1.34,0.09,0.00,-0.68,-0.03,0.00,0.00
63300,-1.34,0.08,0.00,-0.63,-0.03,0.00,0.00
63310,-1.34,0.08,0.00,-0.68,-0.07,0.00,0.00
63321,-1.34,0.07,0.00,-0.79,-0.13,0.00,0.00
63331,-1.34,0.06,0.00,-0.86,-0.19,0.00,0.00
63341,-1.34,0.05,0.00,-0.87,-0.22,0.00,0.00
63351,-1.34,0.04,0.00,-0.98,-0.29,0.00,0.00
63362,-1.34,0.03,0.00,-1.05,-0.35,0.00,0.00
63371,-1.34,0.02,0.00,-1.12,-0.41,0.00,0.00
63381,-1.34,0.01,0.00,-1.22,-0.49,0.00,0.00
63391,-1.34,-0.01,0.00,-1.24,-0.54,0.00,0.00
63401,-1.34,-0.02,0.00,-1.10,-0.53,0.00,0.00
63411,-1.35,-0.03,-1.25,-1.19,-0.86,0.00,0.00
63421,-1.35,-0.04,0.00,-1.27,-0.67,0.00,0.00
63431,-1.35,-0.05,0.00,-1.22,-0.70,0.00,0.00
63441,-1.35,-0.07,0.00,-1.24,-0.75,0.00,0.00
63451,-1.36,-0.08,-1.25,-1.38,-1.10,0.00,0.00
63461,-1.36,-0.09,0.00,-1.41,-0.90,0.00,0.00
63471,-1.37,-0.11,-1.25,-1.31,-1.18,0.00,0.00
63481,-1.39,-0.12,-1.25,-1.43,-1.27,0.00,0.00
63491,-1.39,-0.14,0.00,-1.48,-1.07,0.00,0.00
63501,-1.40,-0.15,-1.25,-1.47,-1.38,0.00,0.00
63511,-1.41,-0.17,-1.25,-1.61,-1.49,0.00,0.00
63521,-1.44,-0.18,-2.50,-1.62,-1.81,0.00,0.00
63532,-1.46,-0.20,-2.50,-1.45,-1.81,0.00,0.00
63541,-1.49,-0.21,-2.50,-1.20,-1.78,0.00,0.00
63551,-1.52,-0.22,-3.75,-0.86,-1.96,0.00,0.00
63561,-1.56,-0.23,-3.75,-0.82,-1.98,0.00,0.00
63571,-1.63,-0.23,-6.25,-0.44,-2.40,0.00,0.00
63581,-1.67,-0.23,-5.00,-0.45,-2.17,0.00,0.00
63591,-1.73,-0.23,-5.00,0.02,-2.02,0.00,0.00
63601,-1.80,-0.23,-7.50,0.10,-2.52,0.00,0.00
63611,-1.88,-0.23,-7.50,0.02,-2.56,0.00,0.00
63621,-1.95,-0.23,-7.50,0.21,-2.49,0.00,0.00
63631,-2.05,-0.23,-10.00,0.49,-2.92,0.00,0.00
63641,-2.15,-0.22,-10.00,0.77,-2.81,0.00,0.00
63651,-2.26,-0.21,-11.25,1.13,-2.93,0.00,0.00
63662,-2.36,-0.19,-10.00,1.36,-2.56,0.00,0.00
63672,-2.49,-0.18,-12.50,1.52,-2.99,0.00,0.00
63682,-2.60,-0.17,-11.25,1.33,-2.75,0.00,0.00
63692,-2.74,-0.15,-13.75,1.29,-3.25,0.00,0.00
63703,-2.86,-0.14,-12.50,1.50,-2.88,0.00,0.00
63712,-2.99,-0.12,-12.50,1.43,-2.87,0.00,0.00
63722,-3.14,-0.10,-15.00,2.04,-3.14,0.00,0.00
63732,-3.28,-0.09,-13.75,1.57,-2.98,0.00,0.00
63742,-3.43,-0.07,-15.00,2.06,-3.03,0.00,0.00
63752,-3.55,-0.05,-12.50,2.04,-2.45,0.00,0.00
63762,-3.71,-0.03,-16.25,1.83,-3.26,0.00,0.00
63772,-3.86,-0.01,-15.00,1.95,-2.90,0.00,0.00
63782,-4.01,0.01,-15.00,1.66,-2.95,0.00,0.00
63792,-4.14,0.03,-12.50,2.04,-2.24,0.00,0.00
63802,-4.29,0.05,-15.00,2.01,-2.72,0.00,0.00
63812,-4.44,0.07,-15.00,1.64,-2.80,0.00,0.00
63822,-4.59,0.08,-15.00,1.36,-2.85,0.00,0.00
63833,-4.73,0.09,-13.75,1.19,-2.62,0.00,0.00
63843,-4.86,0.10,-13.75,1.26,-2.56,0.00,0.00
63853,-5.01,0.12,-15.00,1.50,-2.71,0.00,0.00
63863,-5.15,0.13,-13.75,1.17,-2.52,0.00,0.00
63874,-5.30,0.14,-15.00,1.15,-2.76,0.00,0.00
63883,-5.43,0.15,-12.50,1.12,-2.22,0.00,0.00
63893,-5.56,0.16,-13.75,1.22,-2.42,0.00,0.00
63903,-5.70,0.18,-13.75,1.33,-2.35,0.00,0.00
63913,-5.84,0.19,-13.75,1.34,-2.31,0.00,0.00
63923,-5.95,0.20,-11.25,1.20,-1.80,0.00,0.00
63933,-6.07,0.21,-12.50,0.96,-2.12,0.00,0.00
63943,-6.20,0.22,-12.50,0.24,-2.35,0.00,0.00
63953,-6.32,0.21,-12.50,-0.21,-2.51,0.00,0.00
63963,-6.44,0.21,-11.25,-0.31,-2.31,0.00,0.00
63973,-6.56,0.21,-12.50,-0.35,-2.60,0.00,0.00
63983,-6.69,0.21,-12.50,0.23,-2.42,0.00,0.00
63993,-6.81,0.21,-12.50,0.37,-2.38,0.00,0.00
64003,-6.93,0.22,-11.25,0.49,-2.07,0.00,0.00
64013,-7.05,0.22,-12.50,0.70,-2.25,0.00,0.00
64023,-7.18,0.23,-12.50,0.61,-2.27,0.00,0.00
64033,-7.30,0.24,-12.50,0.54,-2.28,0.00,0.00
64044,-7.43,0.24,-12.50,0.47,-2.30,0.00,0.00
64053,-7.53,0.25,-10.00,0.54,-1.74,0.00,0.00
64063,-7.65,0.25,-12.50,0.61,-2.23,0.00,0.00
64073,-7.76,0.26,-11.25,0.51,-2.00,0.00,0.00
64083,-7.88,0.26,-11.25,0.38,-2.03,0.00,0.00
64093,-7.99,0.27,-11.25,0.44,-2.01,0.00,0.00
64103,-8.10,0.27,-11.25,0.17,-2.10,0.00,0.00
64113,-8.21,0.27,-11.25,0.09,-2.13,0.00,0.00
64123,-8.32,0.27,-11.25,-0.05,-2.19,0.00,0.00
64133,-8.43,0.27,-10.00,0.02,-1.91,0.00,0.00
64143,-8.54,0.27,-11.25,0.19,-2.12,0.00,0.00
64153,-8.64,0.27,-10.00,0.28,-1.83,0.00,0.00
64163,-8.74,0.28,-10.00,0.35,-1.81,0.00,0.00
64174,-8.85,0.28,-11.25,0.40,-2.05,0.00,0.00
64184,-8.95,0.28,-10.00,0.42,-1.78,0.00,0.00
64194,-9.05,0.29,-10.00,0.40,-1.78,0.00,0.00
64204,-9.15,0.29,-10.00,0.03,-1.90,0.00,0.00
64215,-9.24,0.29,-8.75,0.02,-1.65,0.00,0.00
64224,-9.34,0.29,-10.00,0.09,-1.90,0.00,0.00
64234,-9.41,0.29,-7.50,0.19,-1.34,0.00,0.00
64244,-9.51,0.29,-10.00,0.26,-1.84,0.00,0.00
64254,-9.61,0.30,-10.00,0.37,-1.80,0.00,0.00
64264,-9.69,0.29,-7.50,-0.37,-1.53,0.00,0.00
64274,-9.79,0.29,-10.00,-0.14,-2.00,0.00,0.00
64284,-9.86,0.29,-7.50,-0.05,-1.46,0.00,0.00
64294,-9.96,0.29,-10.00,-0.17,-2.03,0.00,0.00
64304,-10.04,0.29,-7.50,0.05,-1.44,0.00,0.00
64314,-10.14,0.29,-10.00,0.23,-1.91,0.00,0.00
64324,-10.21,0.30,-7.50,0.49,-1.29,0.00,0.00
64334,-10.31,0.30,-10.00,0.35,-1.86,0.00,0.00
64345,-10.39,0.31,-7.50,0.52,-1.27,0.00,0.00
64355,-10.48,0.31,-8.75,0.56,-1.51,0.00,0.00
64365,-10.55,0.32,-7.50,0.61,-1.21,0.00,0.00
64375,-10.65,0.32,-10.00,0.23,-1.86,0.00,0.00
64386,-10.73,0.32,-7.50,-0.09,-1.45,0.00,0.00
64395,-10.79,0.32,-6.25,0.02,-1.16,0.00,0.00
64405,-10.86,0.32,-7.50,0.14,-1.38,0.00,0.00
64415,-10.94,0.32,-7.50,0.19,-1.36,0.00,0.00
64425,-11.00,0.32,-6.25,-0.02,-1.18,0.00,0.00
64435,-11.07,0.33,-7.50,0.21,-1.36,0.00,0.00
64445,-11.13,0.33,-5.00,0.16,-0.86,0.00,0.00
64455,-11.20,0.33,-7.50,0.09,-1.41,0.00,0.00
64465,-11.25,0.33,-5.00,0.24,-0.83,0.00,0.00
64475,-11.30,0.33,-5.00,-0.02,-0.92,0.00,0.00
64485,-11.36,0.33,-6.25,0.07,-1.15,0.00,0.00
64495,-11.41,0.33,-5.00,-0.19,-0.99,0.00,0.00
64505,-11.46,0.32,-5.00,-0.54,-1.12,0.00,0.00
64515,-11.50,0.32,-3.75,-0.37,-0.82,0.00,0.00
64525,-11.55,0.32,-5.00,-0.47,-1.14,0.00,0.00
64535,-11.60,0.31,-5.00,-0.45,-1.15,0.00,0.00
64545,-11.65,0.31,-5.00,-0.21,-1.08,0.00,0.00
64556,-11.69,0.31,-3.75,-0.09,-0.79,0.00,0.00
64565,-11.73,0.31,-3.75,0.05,-0.75,0.00,0.00
64575,-11.77,0.31,-5.00,0.00,-1.03,0.00,0.00
64585,-11.80,0.31,-2.50,-0.09,-0.54,0.00,0.00
64595,-11.84,0.31,-3.75,0.02,-0.77,0.00,0.00
64605,-11.86,0.31,-2.50,-0.02,-0.52,0.00,0.00
64615,-11.90,0.31,-3.75,-0.17,-0.84,0.00,0.00
64625,-11.94,0.30,-3.75,-0.63,-1.01,0.00,0.00
64635,-11.96,0.29,-2.50,-0.75,-0.82,0.00,0.00
64645,-11.99,0.29,-2.50,-0.56,-0.78,0.00,0.00
64655,-12.01,0.28,-2.50,-0.45,-0.76,0.00,0.00
64665,-12.04,0.28,-2.50,0.00,-0.62,0.00,0.00
64675,-12.06,0.28,-2.50,-0.02,-0.63,0.00,0.00
64686,-12.09,0.28,-2.50,0.00,-0.71,-0.08,0.00
64696,-12.11,0.28,-2.50,-0.16,-0.79,-0.11,0.00
64706,-12.14,0.28,-2.50,-0.17,-0.02,0.68,0.00
64716,-12.16,0.28,-2.50,-0.07,-0.87,-0.20,0.00
64727,-12.18,0.28,-1.25,-0.19,-0.04,0.41,0.00
64736,-12.19,0.27,-1.25,-0.52,-0.60,-0.02,0.00
64746,-12.19,0.27,0.00,-0.37,-0.48,-0.20,0.00
64756,-12.20,0.26,-1.25,-0.79,-0.84,-0.14,0.00
64766,-12.21,0.25,-1.25,-0.89,-1.42,-0.65,0.00
64776,-12.23,0.24,-1.25,-0.72,-0.26,0.48,0.00
64786,-12.25,0.24,-2.50,-0.54,-1.24,-0.27,0.00
64796,-12.26,0.24,-1.25,0.44,-1.50,-1.12,0.00
64806,-12.30,0.25,-3.75,0.56,0.03,0.88,0.00
64816,-12.34,0.26,-3.75,0.79,-0.97,-0.22,0.00
64826,-12.35,0.27,-1.25,1.24,0.40,0.44,0.00
64836,-12.35,0.28,0.00,1.26,0.55,0.28,0.00
64846,-12.35,0.28,0.00,-0.09,-0.65,-0.49,0.00
64857,-12.35,0.27,0.00,-1.20,0.38,0.94,0.00
64867,-12.35,0.26,0.00,-0.84,0.14,0.61,0.00
64877,-12.35,0.25,0.00,-0.58,-1.47,-1.06,0.00
64887,-12.35,0.25,0.00,-0.33,-0.92,-0.58,0.00
64898,-12.35,0.25,0.00,-0.24,0.26,0.59,0.00
64907,-12.35,0.24,0.00,-0.30,-0.36,-0.01,0.00
64917,-12.35,0.24,0.00,-0.10,-0.40,-0.10,0.00
64927,-12.35,0.24,0.00,0.02,-0.29,-0.03,0.00
64937,-12.35,0.24,0.00,-0.09,0.01,0.30,0.00
64947,-12.35,0.24,0.00,-0.03,0.05,0.33,0.00
64958,-12.35,0.24,0.00,0.02,-0.47,-0.22,0.00
64967,-12.35,0.24,0.00,-0.03,-0.89,-0.62,0.00
64978,-12.35,0.24,0.00,0.03,0.27,0.52,0.00
64987,-12.35,0.25,0.00,0.37,-0.11,0.02,0.00
64998,-12.35,0.25,0.00,0.70,0.14,0.14,0.00
65007,-12.35,0.26,0.00,0.24,-0.22,-0.08,0.00
65018,-12.35,0.26,0.00,0.42,-0.22,-0.16,0.00
65027,-12.35,0.27,0.00,0.52,-0.35,-0.34,0.00
65037,-12.35,0.27,0.00,0.40,-0.39,-0.35,0.00
65047,-12.35,0.27,0.00,0.35,-0.43,-0.38,0.00
65057,-12.35,0.28,0.00,0.52,0.38,0.36,0.00
65068,-12.35,0.28,0.00,0.54,0.40,0.35,0.00
65077,-12.35,0.29,0.00,0.56,-0.81,-0.89,0.00
65087,-12.35,0.30,0.00,0.73,1.27,1.11,0.00
65098,-12.36,0.30,-1.25,0.87,-0.25,-0.22,0.00
65107,-12.36,0.32,0.00,1.01,0.87,0.55,0.00
65117,-12.36,0.32,0.00,0.87,-0.57,-0.87,0.00
65127,-12.36,0.33,0.00,1.03,-0.71,-1.09,0.00
65138,-12.36,0.35,0.00,1.19,0.36,-0.12,0.00
65147,-12.38,0.36,-1.25,1.43,0.22,-0.12,0.00
65157,-12.38,0.38,0.00,1.76,1.37,0.60,0.00
65167,-12.38,0.39,0.00,1.24,0.61,-0.04,0.00
65177,-12.35,0.40,2.50,1.26,1.46,0.24,0.00
65187,-12.35,0.41,0.00,0.91,0.80,0.18,0.00
65198,-12.34,0.42,1.25,1.05,0.72,-0.25,0.00
65208,-12.31,0.43,2.50,0.96,1.15,-0.09,0.00
65219,-12.30,0.44,1.25,1.27,1.50,0.38,0.00
65228,-12.29,0.46,1.25,1.43,0.62,-0.60,0.00
65239,-12.26,0.47,2.50,0.72,1.75,0.46,0.00
65248,-12.25,0.48,1.25,0.99,0.86,-0.29,0.00
65258,-12.23,0.49,2.50,1.57,2.10,0.46,0.00
65268,-12.20,0.50,2.50,0.87,1.08,-0.38,0.00
65280,-12.16,0.51,3.75,1.19,1.94,0.07,0.00
65288,-12.14,0.52,2.50,0.51,1.53,0.12,0.00
65298,-12.09,0.53,5.00,0.98,2.73,0.61,0.00
65308,-12.05,0.53,3.75,0.40,2.24,0.55,0.00
65318,-11.98,0.53,7.50,0.05,2.90,0.52,0.00
65328,-11.91,0.53,6.25,-0.59,2.02,0.13,0.00
65339,-11.81,0.52,10.00,-0.84,2.46,-0.12,0.00
65348,-11.73,0.50,8.75,-1.33,2.17,0.05,0.00
65358,-11.64,0.50,8.75,-0.89,2.37,0.14,0.00
65369,-11.54,0.48,10.00,-1.20,2.84,0.47,0.00
65379,-11.44,0.47,10.00,-0.98,1.64,-0.78,0.00
65389,-11.34,0.46,10.00,-1.29,2.56,0.29,0.00
65399,-11.24,0.45,10.00,-1.40,2.08,-0.12,0.00
65410,-11.13,0.44,11.25,-0.79,2.85,0.20,0.00
65419,-11.02,0.43,10.00,-0.93,2.85,0.54,0.00
65429,-10.93,0.42,10.00,-0.99,2.39,0.13,0.00
65439,-10.80,0.40,12.50,-1.64,2.67,0.13,0.00
65449,-10.68,0.39,12.50,-1.45,2.03,-0.53,0.00
65459,-10.57,0.37,10.00,-1.41,1.65,-0.35,0.00
65469,-10.45,0.36,12.50,-1.52,2.39,-0.06,0.00
65481,-10.34,0.35,11.25,-1.17,2.94,0.66,0.00
65489,-10.24,0.34,10.00,-0.79,2.53,0.41,0.00
65500,-10.13,0.34,11.25,-0.44,3.12,0.63,0.00
65509,-9.99,0.33,13.75,-0.82,2.60,-0.27,0.00
65519,-9.86,0.32,12.50,-0.93,2.68,0.12,0.00
65529,-9.74,0.30,12.50,-1.61,2.37,0.07,0.00
65539,-9.61,0.29,12.50,-1.40,3.35,1.03,0.00
65549,-9.48,0.27,13.75,-1.54,2.36,-0.13,0.00
65560,-9.34,0.26,13.75,-1.26,3.51,0.95,0.00
65569,-9.19,0.24,15.00,-1.92,3.00,0.45,0.00
65580,-9.04,0.22,15.00,-1.75,2.74,0.18,0.00
65589,-8.91,0.20,12.50,-2.41,2.40,0.65,0.00
65599,-8.76,0.18,15.00,-2.27,3.23,0.97,0.00
65609,-8.61,0.16,15.00,-2.08,2.65,0.39,0.00
65619,-8.45,0.14,16.25,-1.90,2.26,-0.27,0.00
65629,-8.31,0.11,13.75,-2.32,1.70,-0.09,0.00
65639,-8.19,0.09,12.50,-2.20,1.43,-0.08,0.00
65649,-8.06,0.07,12.50,-2.01,1.66,0.16,0.00
65659,-7.95,0.07,11.25,-0.49,1.43,-0.30,0.00
65669,-7.85,0.07,10.00,0.45,2.18,0.39,0.00
65679,-7.76,0.08,8.75,0.58,1.09,-0.50,0.00
65689,-7.66,0.08,10.00,0.72,1.91,-0.03,0.00
65700,-7.56,0.09,10.00,0.68,2.72,0.76,0.00
65710,-7.48,0.10,8.75,1.01,1.89,0.04,0.00
65720,-7.38,0.11,10.00,1.05,1.90,-0.26,0.00
65730,-7.28,0.12,10.00,0.51,2.04,0.02,0.00
65741,-7.18,0.12,10.00,-0.07,1.81,-0.03,0.00
65751,-7.07,0.12,10.00,-0.03,1.64,-0.22,0.00
65760,-6.99,0.12,8.75,0.14,1.68,0.02,0.00
65770,-6.89,0.12,10.00,0.14,2.08,0.14,0.00
65781,-6.81,0.12,7.50,0.42,0.90,-0.62,0.00
65790,-6.71,0.13,10.00,1.05,1.19,-1.11,0.00
65801,-6.64,0.14,7.50,1.03,1.68,-0.13,0.00
65810,-6.56,0.15,7.50,1.12,2.01,0.13,0.00
65820,-6.48,0.17,8.75,1.52,2.41,0.08,0.00
65830,-6.40,0.19,7.50,1.75,1.68,-0.53,0.00
65840,-6.31,0.20,8.75,1.29,1.50,-0.88,0.00
65850,-6.23,0.21,8.75,0.66,1.77,-0.44,0.00
65860,-6.15,0.21,7.50,0.51,2.38,0.46,0.00
65870,-6.05,0.22,10.00,0.75,2.69,0.13,0.00
65881,-5.95,0.23,10.00,0.86,2.73,0.09,0.00
65891,-5.85,0.23,10.00,0.35,3.32,0.83,0.00
65901,-5.73,0.22,12.50,-0.86,4.02,1.40,0.00
65911,-5.59,0.21,13.75,-1.13,3.29,0.53,0.00
65922,-5.43,0.19,16.25,-2.36,3.32,0.49,0.00
65931,-5.28,0.15,15.00,-3.39,1.52,-0.61,0.00
65941,-5.11,0.12,16.25,-3.61,1.97,-0.24,0.00
65951,-4.98,0.08,13.75,-3.79,1.17,-0.33,0.00
65961,-4.84,0.05,13.75,-3.33,1.61,0.06,0.00
65971,-4.74,0.03,10.00,-1.80,1.75,0.56,0.00
65982,-4.64,0.03,10.00,-0.30,1.97,0.29,0.00
65991,-4.53,0.03,11.25,-0.02,1.90,-0.13,0.00
66001,-4.43,0.02,10.00,-0.21,1.87,0.15,0.00
66011,-4.34,0.02,8.75,-0.33,1.98,0.57,0.00
66021,-4.23,0.01,11.25,-0.52,1.62,-0.24,0.00
66031,-4.13,0.01,10.00,-0.49,2.00,0.39,0.00
66041,-4.03,0.01,10.00,-0.37,1.65,0.00,0.00
66051,-3.94,0.00,8.75,-0.38,1.21,-0.16,0.00
66061,-3.84,-0.00,10.00,-0.40,1.32,-0.30,0.00
66071,-3.75,-0.00,8.75,-0.12,1.16,-0.29,0.00
66081,-3.68,0.00,7.50,0.52,1.98,0.56,0.00
66092,-3.60,0.01,7.50,0.68,0.68,-0.82,0.00
66101,-3.53,0.02,7.50,0.65,2.25,0.73,0.00
66111,-3.45,0.02,7.50,0.42,1.56,0.10,0.00
66121,-3.38,0.03,7.50,0.65,1.59,0.02,0.00
66131,-3.29,0.03,8.75,0.38,2.19,0.42,0.00
66142,-3.21,0.03,7.50,0.14,1.82,0.38,0.00
66151,-3.13,0.03,8.75,-0.16,2.21,0.60,0.00
66161,-3.03,0.02,10.00,-0.93,0.75,-0.85,0.00
66171,-2.93,0.01,10.00,-1.03,1.12,-0.42,0.00
66181,-2.85,-0.00,7.50,-1.29,1.11,0.22,0.00
66191,-2.79,-0.01,6.25,-0.94,0.22,-0.50,0.00
66201,-2.71,-0.01,7.50,0.65,2.06,0.54,0.00
66211,-2.68,0.00,3.75,0.86,1.04,0.21,0.00
66223,-2.60,0.02,7.50,1.43,2.40,0.54,0.00
66232,-2.55,0.03,5.00,1.03,1.45,0.20,0.00
66242,-2.48,0.03,7.50,0.12,1.68,0.18,0.00
66252,-2.40,0.02,7.50,-0.61,0.37,-0.87,0.00
66263,-2.34,0.02,6.25,-0.75,0.82,-0.09,0.00
66272,-2.29,0.01,5.00,-0.91,0.80,0.23,0.00
66282,-2.24,0.00,5.00,-0.19,-0.21,-1.02,0.00
66292,-2.20,0.02,3.75,1.12,1.13,0.13,0.00
66302,-2.19,0.03,1.25,1.43,1.03,0.40,0.00
66312,-2.18,0.06,1.25,2.98,1.26,0.03,0.00
66322,-2.18,0.09,0.00,3.00,1.35,0.27,0.00
66332,-2.18,0.12,0.00,2.86,0.46,-0.67,0.00
66342,-2.18,0.15,0.00,2.90,0.89,-0.36,0.00
66352,-2.18,0.18,0.00,2.88,0.96,-0.38,0.00
66362,-2.18,0.20,0.00,2.83,-0.01,-1.43,0.00
66372,-2.18,0.23,0.00,2.84,1.66,0.13,0.00
66382,-2.18,0.26,0.00,2.90,1.63,-0.02,0.00
66393,-2.18,0.29,0.00,2.95,1.59,-0.18,0.00
66403,-2.18,0.32,0.00,3.04,1.63,-0.27,0.00
66413,-2.18,0.35,0.00,3.16,1.74,-0.31,0.00
66423,-2.18,0.39,0.00,3.35,2.04,-0.19,0.00
66434,-2.18,0.42,0.00,3.21,1.88,-0.42,0.00
66443,-2.16,0.45,1.25,3.02,2.60,-0.01,0.00
66453,-2.14,0.48,2.50,2.91,3.73,0.79,0.00
66464,-2.06,0.50,7.50,2.30,4.70,0.82,0.00
66473,-1.96,0.51,10.00,0.38,3.71,-0.10,0.00
66484,-1.85,0.48,11.25,-2.04,3.83,0.59,0.00
66493,-1.71,0.44,13.75,-4.24,3.26,0.34,0.00
66504,-1.54,0.40,17.50,-4.56,2.65,-0.82,0.00
66513,-1.37,0.34,16.25,-5.41,2.01,-0.74,0.00
66524,-1.23,0.29,15.00,-5.04,2.71,0.27,0.00
66533,-1.09,0.25,13.75,-4.69,2.13,-0.02,0.00
66543,-0.95,0.20,13.75,-4.35,1.67,-0.44,0.00
66553,-0.80,0.17,15.00,-3.60,1.81,-0.70,0.00
66563,-0.70,0.14,10.00,-2.95,1.37,-0.20,0.00
66573,-0.59,0.11,11.25,-2.32,1.82,-0.14,0.00
66583,-0.49,0.10,10.00,-1.76,0.85,-0.97,0.00
66593,-0.39,0.08,10.00,-1.12,2.11,0.11,0.00
66605,-0.30,0.07,8.75,-0.96,1.87,0.11,0.00
66613,-0.22,0.07,7.50,-0.31,1.53,-0.18,0.00
66623,-0.12,0.07,10.00,-0.45,2.98,0.80,0.00
66633,-0.03,0.06,10.00,-0.73,1.77,-0.30,0.00
66643,0.09,0.05,11.25,-0.98,1.61,-0.62,0.00
66653,0.17,0.03,8.75,-2.29,0.54,-0.67,0.00
66663,0.25,0.00,7.50,-2.51,0.41,-0.39,0.00
66673,0.32,-0.02,7.50,-1.90,0.28,-0.65,0.00
66683,0.37,-0.02,5.00,-0.47,1.52,0.67,0.00
66693,0.41,-0.01,3.75,1.06,0.83,-0.30,0.00
66703,0.46,0.00,5.00,1.45,1.75,0.19,0.00
66713,0.51,0.02,5.00,1.17,1.34,-0.18,0.00
66724,0.56,0.02,5.00,0.77,1.37,-0.06,0.00
66734,0.63,0.02,6.25,-0.33,1.52,0.19,0.00
66744,0.69,0.01,6.25,-0.65,-0.06,-1.27,0.00
66754,0.74,0.00,5.00,-0.91,0.25,-0.59,0.00
66764,0.77,-0.00,3.75,-0.66,0.58,-0.05,0.00
66775,0.80,0.00,2.50,0.42,1.28,0.55,0.00
66784,0.80,0.02,0.00,1.82,0.77,0.05,0.00
66794,0.81,0.04,1.25,2.32,1.19,-0.04,0.00
66804,0.81,0.07,0.00,2.34,1.43,0.38,0.00
66814,0.81,0.09,0.00,2.20,0.70,-0.38,0.00
66824,0.81,0.11,0.00,2.11,1.24,0.10,0.00
66834,0.81,0.13,0.00,2.08,1.60,0.41,0.00
66844,0.81,0.15,0.00,2.01,1.71,0.47,0.00
66854,0.81,0.17,0.00,1.95,1.42,0.13,0.00
66865,0.81,0.19,0.00,1.94,1.62,0.26,0.00
66874,0.81,0.21,0.00,1.90,0.39,-1.02,0.00
66884,0.81,0.23,0.00,1.90,0.62,-0.86,0.00
66894,0.81,0.25,0.00,1.92,1.86,0.32,0.00
66905,0.83,0.27,1.25,1.97,1.95,0.06,0.00
66915,0.86,0.29,3.75,2.02,3.16,0.65,0.00
66925,0.91,0.30,5.00,1.34,3.61,1.00,0.00
66935,1.00,0.29,8.75,-1.10,2.02,-0.57,0.00
66946,1.09,0.25,8.75,-3.73,1.85,0.23,0.00
66955,1.19,0.21,10.00,-4.33,0.90,-0.65,0.00
66965,1.29,0.17,10.00,-4.21,1.42,-0.03,0.00
66975,1.36,0.13,7.50,-4.08,0.57,-0.26,0.00
66987,1.45,0.09,8.75,-3.09,1.61,0.30,0.00
66995,1.50,0.07,5.00,-2.11,1.26,0.49,0.00
67006,1.55,0.06,5.00,-1.31,0.62,-0.36,0.00
67015,1.63,0.04,7.50,-1.54,1.98,0.60,0.00
67025,1.67,0.03,5.00,-1.76,0.32,-0.41,0.00
67035,1.74,0.01,6.25,-1.92,0.86,-0.02,0.00
67045,1.79,-0.01,5.00,-1.99,0.74,0.21,0.00
67055,1.83,-0.02,3.75,-1.20,0.94,0.45,0.00
67065,1.88,-0.03,5.00,-0.93,1.11,0.30,0.00
67075,1.91,-0.04,3.75,-1.01,-0.20,-0.68,0.00
67085,1.95,-0.05,3.75,-1.13,0.13,-0.28,0.00
67095,1.98,-0.06,2.50,-0.58,0.02,-0.29,0.00
67105,1.98,-0.06,0.00,0.45,0.42,0.30,0.00
67116,1.98,-0.05,0.00,0.79,0.51,0.25,0.00
67125,1.98,-0.04,0.00,0.72,-0.32,-0.58,0.00
67135,1.98,-0.04,0.00,0.51,0.20,-0.01,0.00
67145,1.98,-0.03,0.00,0.47,0.13,-0.09,0.00
67155,1.98,-0.03,0.00,0.40,0.37,0.16,0.00
67166,1.98,-0.02,0.00,0.24,-0.13,-0.29,0.00
67175,1.98,-0.02,0.00,0.16,-0.12,-0.27,0.00
67186,1.98,-0.02,0.00,0.02,-0.17,-0.27,0.00
67195,1.98,-0.02,0.00,-0.03,-0.10,-0.18,0.00
67205,1.98,-0.02,0.00,-0.10,0.19,0.13,0.00
67215,1.98,-0.03,0.00,-0.23,0.09,0.08,0.00
67226,1.98,-0.03,0.00,-0.28,-0.11,-0.09,0.00
67235,1.98,-0.03,0.00,-0.38,0.37,0.43,0.00
67247,1.98,-0.04,0.00,-0.51,-0.76,-0.64,0.00
67256,1.98,-0.04,0.00,-0.63,-0.05,0.13,0.00
67266,1.98,-0.05,0.00,-0.68,0.19,0.41,0.00
67276,1.98,-0.06,0.00,-0.73,-0.41,-0.15,0.00
67287,1.98,-0.07,0.00,-0.87,-0.57,-0.23,0.00
67296,1.98,-0.08,0.00,-0.93,-0.60,-0.21,0.00
67306,1.98,-0.09,0.00,-1.10,0.20,0.69,0.00
67316,1.98,-0.10,0.00,-1.19,-0.56,-0.01,0.00
67328,1.98,-0.11,0.00,-1.27,-1.60,-0.98,0.00
67336,1.98,-0.13,0.00,-1.40,-1.10,-0.39,0.00
67346,1.98,-0.14,0.00,-1.48,-0.63,0.16,0.00
67356,1.98,-0.16,0.00,-1.59,-0.97,-0.09,0.00
67366,1.98,-0.17,0.00,-1.73,-1.40,-0.41,0.00
67376,1.98,-0.19,0.00,-1.82,-1.55,-0.47,0.00
67387,1.98,-0.21,0.00,-2.02,-0.76,0.46,0.00
67396,1.98,-0.23,0.00,-2.16,-1.19,0.15,0.00
67406,1.98,-0.26,0.00,-2.23,-2.09,-0.66,0.00
67417,1.96,-0.28,-1.25,-2.25,-1.03,0.76,0.00
67427,1.95,-0.30,-1.25,-1.97,-1.28,0.49,0.00
67437,1.92,-0.32,-2.50,-1.68,-2.92,-0.92,0.00
67448,1.89,-0.34,-3.75,-2.02,-1.40,1.04,0.00
67458,1.85,-0.35,-3.75,-1.41,-2.34,-0.05,0.00
67467,1.81,-0.36,-3.75,-0.82,-2.63,-0.49,0.00
67477,1.74,-0.37,-7.50,-0.98,-3.06,-0.04,0.00
67487,1.67,-0.37,-6.25,-0.35,-2.39,0.18,0.00
67497,1.59,-0.37,-8.75,0.17,-3.23,-0.30,0.00
67507,1.50,-0.36,-8.75,0.59,-3.37,-0.58,0.00
67517,1.39,-0.36,-11.25,0.66,-2.46,0.82,0.00
67528,1.27,-0.34,-11.25,1.45,-3.12,-0.14,0.00
67537,1.15,-0.33,-12.50,1.27,-2.86,0.41,0.00
67547,1.04,-0.32,-11.25,1.01,-3.20,-0.14,0.00
67557,0.91,-0.31,-12.50,1.45,-2.89,0.26,0.00
67567,0.77,-0.29,-13.75,1.22,-2.59,0.87,0.00
67577,0.65,-0.28,-12.50,1.59,-2.67,0.35,0.00
67587,0.52,-0.27,-12.50,1.19,-2.88,0.25,0.00
67597,0.39,-0.26,-13.75,0.65,-3.81,-0.25,0.00
67607,0.24,-0.25,-15.00,0.72,-4.25,-0.47,0.00
67617,0.09,-0.24,-15.00,0.93,-4.17,-0.47,0.00
67628,-0.08,-0.22,-16.25,1.90,-2.79,0.81,0.00
67637,-0.24,-0.20,-16.25,2.50,-3.78,-0.45,0.00
67648,-0.41,-0.17,-17.50,2.76,-2.36,1.07,0.00
67657,-0.60,-0.15,-18.75,2.15,-3.54,0.29,0.00
67667,-0.76,-0.13,-16.25,1.85,-3.85,-0.51,0.00
67677,-0.94,-0.12,-17.50,1.24,-3.85,-0.07,0.00
67687,-1.11,-0.10,-17.50,1.68,-2.93,0.67,0.00
67697,-1.30,-0.08,-18.75,2.32,-4.51,-0.93,0.00
67708,-1.48,-0.06,-17.50,2.09,-3.47,-0.13,0.00
67717,-1.66,-0.04,-18.75,1.85,-3.74,-0.11,0.00
67727,-1.85,-0.01,-18.75,2.83,-3.41,-0.17,0.00
67737,-2.05,0.02,-20.00,2.60,-3.60,-0.10,0.00
67747,-2.25,0.04,-20.00,2.72,-3.62,-0.24,0.00
67758,-2.45,0.07,-20.00,2.93,-3.48,-0.25,0.00
67769,-2.66,0.10,-21.25,2.57,-2.98,0.56,0.00
67778,-2.86,0.12,-20.00,2.60,-3.60,-0.40,0.00
67789,-3.06,0.15,-20.00,2.50,-2.55,0.61,0.00
67799,-3.26,0.17,-20.00,2.34,-3.06,0.08,0.00
67808,-3.43,0.19,-16.25,2.30,-2.94,-0.64,0.00
67818,-3.61,0.22,-18.75,2.13,-3.24,-0.42,0.00
67828,-3.79,0.23,-17.50,1.82,-2.41,0.21,0.00
67838,-3.98,0.25,-18.75,1.85,-2.68,0.14,0.00
67848,-4.15,0.27,-17.50,1.66,-2.57,0.00,0.00
67858,-4.31,0.28,-16.25,1.33,-2.26,0.12,0.00
67869,-4.48,0.29,-16.25,0.99,-2.39,0.09,0.00
67878,-4.63,0.30,-15.00,0.68,-1.60,0.70,0.00
67888,-4.78,0.30,-15.00,0.51,-2.03,0.32,0.00
67898,-4.90,0.30,-12.50,-0.09,-1.82,0.21,0.00
67908,-5.03,0.30,-12.50,-0.80,-2.12,0.18,0.00
67918,-5.15,0.29,-12.50,-0.87,-2.63,-0.26,0.00
67929,-5.28,0.27,-12.50,-1.20,-3.19,-0.66,0.00
67939,-5.41,0.26,-13.75,-0.99,-2.58,0.18,0.00
67949,-5.56,0.26,-15.00,-0.68,-3.55,-0.58,0.00
67959,-5.69,0.26,-12.50,0.37,-2.39,-0.28,0.00
67970,-5.86,0.27,-17.50,0.65,-2.98,0.08,0.00
67979,-5.99,0.28,-12.50,1.26,-1.85,-0.07,0.00
67989,-6.15,0.30,-16.25,1.47,-2.77,-0.30,0.00
67999,-6.28,0.31,-12.50,1.61,-1.87,-0.29,0.00
68009,-6.43,0.33,-15.00,1.66,-2.35,-0.30,0.00
68019,-6.55,0.34,-12.50,0.87,-2.32,-0.56,0.00
68029,-6.69,0.34,-13.75,0.19,-2.70,-0.46,0.00
68039,-6.82,0.34,-13.75,0.09,-1.97,0.32,0.00
68049,-6.98,0.34,-15.00,0.10,-3.07,-0.52,0.00
68059,-7.07,0.34,-10.00,0.31,-2.12,-0.69,0.00
68069,-7.23,0.35,-15.00,0.56,-1.83,0.57,0.00
68079,-7.36,0.36,-13.75,1.24,-1.81,0.08,0.00
68089,-7.48,0.37,-11.25,1.17,-1.69,-0.33,0.00
68099,-7.59,0.38,-11.25,0.89,-1.66,-0.23,0.00
68109,-7.70,0.38,-11.25,0.09,-0.83,0.86,0.00
68119,-7.80,0.38,-10.00,-0.26,-1.50,0.05,0.00
68129,-7.90,0.37,-10.00,-0.56,-1.23,0.45,0.00
68140,-7.99,0.36,-8.75,-1.40,-1.32,0.42,0.00
68149,-8.05,0.35,-6.25,-1.27,-1.32,-0.09,0.00
68159,-8.14,0.33,-8.75,-1.48,-2.49,-0.61,0.00
68169,-8.20,0.32,-6.25,-1.71,-1.10,0.40,0.00
68179,-8.30,0.30,-10.00,-1.66,-2.62,-0.29,0.00
68189,-8.38,0.29,-7.50,-1.24,-2.28,-0.56,0.00
68199,-8.48,0.28,-10.00,-0.49,-2.24,-0.21,0.00
68209,-8.57,0.29,-10.00,0.37,-2.11,-0.35,0.00
68219,-8.69,0.29,-11.25,0.49,-2.14,-0.17,0.00
68229,-8.77,0.30,-8.75,0.86,-1.69,-0.39,0.00
68239,-8.89,0.31,-11.25,0.91,-1.44,0.35,0.00
68250,-8.99,0.32,-10.00,1.01,-1.71,-0.24,0.00
68259,-9.09,0.33,-10.00,1.15,-1.76,-0.36,0.00
68270,-9.19,0.34,-10.00,0.82,-1.33,0.15,0.00
68280,-9.26,0.34,-7.50,0.38,-1.23,-0.14,0.00
68290,-9.36,0.34,-10.00,0.26,-1.69,-0.04,0.00
68300,-9.44,0.34,-7.50,0.00,-1.77,-0.55,0.00
68311,-9.51,0.34,-7.50,-0.16,-1.83,-0.55,0.00
68320,-9.61,0.34,-10.00,0.16,-2.32,-0.61,0.00
68330,-9.70,0.35,-8.75,0.31,-0.76,0.63,0.00
68340,-9.80,0.35,-10.00,0.63,-1.65,-0.11,0.00
68350,-9.88,0.37,-7.50,1.20,-0.00,0.79,0.00
68360,-9.95,0.38,-7.50,1.20,-1.25,-0.49,0.00
68370,-10.01,0.38,-6.25,0.47,-0.41,0.31,0.00
68380,-10.02,0.37,-1.25,-0.96,0.37,0.53,0.00
68390,-10.05,0.35,-2.50,-2.67,-0.25,0.82,0.00
68400,-10.06,0.31,-1.25,-3.28,-2.07,-0.95,0.00
68410,-10.06,0.28,0.00,-3.73,-1.28,-0.15,0.00
68420,-10.06,0.24,0.00,-3.77,-1.06,0.22,0.00
68430,-10.06,0.20,0.00,-3.58,-1.91,-0.57,0.00
68441,-10.06,0.17,0.00,-3.40,-2.51,-1.11,0.00
68451,-10.06,0.14,0.00,-3.05,-0.10,1.29,0.00
68461,-10.06,0.11,0.00,-3.23,-2.15,-0.58,0.00
68472,-10.06,0.07,0.00,-3.18,-1.93,-0.27,0.00
68482,-10.06,0.04,0.00,-3.19,-1.98,-0.20,0.00
68492,-10.06,0.01,0.00,-3.18,-2.27,-0.39,0.00
68501,-10.06,-0.02,0.00,-3.21,-1.36,0.65,0.00
68511,-10.06,-0.05,0.00,-3.26,-2.10,0.04,0.00
68521,-10.09,-0.09,-2.50,-3.12,-2.07,0.67,0.00
68531,-10.13,-0.11,-3.75,-2.37,-2.99,-0.15,0.00
68541,-10.18,-0.12,-5.00,-1.34,-3.30,-0.48,0.00
68551,-10.26,-0.12,-8.75,-0.05,-2.87,0.34,0.00
68561,-10.36,-0.11,-10.00,1.34,-3.63,-0.64,0.00
68571,-10.46,-0.08,-10.00,2.51,-3.00,-0.46,0.00
68581,-10.60,-0.05,-13.75,3.00,-3.16,-0.08,0.00
68592,-10.74,-0.01,-13.75,4.17,-1.90,0.66,0.00
68601,-10.89,0.03,-15.00,4.19,-2.49,0.20,0.00
68611,-11.01,0.07,-12.50,4.45,-2.16,-0.23,0.00
68621,-11.15,0.12,-13.75,4.31,-2.76,-0.65,0.00
68631,-11.29,0.16,-13.75,3.94,-2.07,0.02,0.00
68641,-11.44,0.19,-15.00,3.47,-2.80,-0.40,0.00
68652,-11.56,0.23,-12.50,3.46,-1.98,-0.21,0.00
68661,-11.69,0.26,-12.50,3.54,-1.99,-0.36,0.00
68671,-11.84,0.30,-15.00,3.60,-2.62,-0.60,0.00
68681,-11.96,0.33,-12.50,3.35,-1.40,0.08,0.00
68692,-12.09,0.36,-12.50,3.40,-2.02,-0.68,0.00
68701,-12.20,0.40,-11.25,3.60,-1.28,-0.37,0.00
68712,-12.31,0.43,-11.25,3.33,-0.76,0.13,0.00
68721,-12.41,0.46,-10.00,2.81,-0.60,0.10,0.00
68731,-12.49,0.48,-7.50,2.20,-0.46,-0.16,0.00
68741,-12.55,0.50,-6.25,1.52,-0.85,-0.64,0.00
68751,-12.61,0.50,-6.25,0.47,-0.60,-0.07,0.00
68761,-12.66,0.50,-5.00,0.10,-0.06,0.33,0.00
68771,-12.70,0.51,-3.75,0.09,0.23,0.36,0.00
68782,-12.71,0.50,-1.25,-0.54,0.02,-0.15,0.00
68792,-12.74,0.49,-2.50,-1.34,-0.54,-0.14,0.00
68802,-12.74,0.47,0.00,-1.94,-0.74,-0.61,0.00
68813,-12.74,0.45,0.00,-1.88,-0.00,0.18,0.00
68823,-12.74,0.43,0.00,-1.62,-0.50,-0.35,0.00
68832,-12.74,0.42,0.00,-1.41,-0.36,-0.22,0.00
68842,-12.74,0.41,0.00,-1.26,-0.32,-0.19,0.00
68852,-12.74,0.39,0.00,-1.08,0.65,0.76,0.00
68862,-12.74,0.39,0.00,-0.93,0.83,0.92,0.00
68872,-12.73,0.38,1.25,-0.96,-0.06,-0.19,0.00
68882,-12.73,0.36,0.00,-1.17,-0.72,-0.48,0.00
68892,-12.73,0.36,0.00,-0.87,-0.56,-0.38,0.00
68902,-12.73,0.35,0.00,-0.72,-0.84,-0.69,0.00
68912,-12.73,0.34,0.00,-0.68,-0.43,-0.26,0.00
68922,-12.73,0.34,0.00,-0.51,0.30,0.43,0.00
68932,-12.73,0.33,0.00,-0.37,0.12,0.22,0.00
68942,-12.73,0.33,0.00,-0.30,-0.86,-0.78,0.00
68953,-12.73,0.33,0.00,-0.14,0.25,0.29,0.00
68963,-12.74,0.33,-1.25,0.14,-0.01,0.20,0.00
68973,-12.74,0.33,0.00,0.38,0.86,0.72,0.00
68983,-12.74,0.34,0.00,0.16,0.90,0.83,0.00
68994,-12.74,0.34,0.00,0.17,0.17,0.08,0.00
69003,-12.74,0.34,0.00,0.49,-0.29,-0.49,0.00
69013,-12.74,0.35,0.00,0.56,1.32,1.07,0.00
69023,-12.74,0.35,0.00,0.61,0.37,0.09,0.00
69033,-12.74,0.36,0.00,0.82,0.38,-0.00,0.00
69043,-12.74,0.37,0.00,0.66,0.56,0.20,0.00
69053,-12.74,0.37,0.00,0.65,0.32,-0.05,0.00
69063,-12.74,0.38,0.00,0.89,0.14,-0.34,0.00
69074,-12.74,0.39,0.00,0.89,-0.33,-0.85,0.00
69083,-12.74,0.40,0.00,1.06,0.35,-0.25,0.00
69093,-12.74,0.42,0.00,1.27,0.17,-0.54,0.00
69103,-12.74,0.43,0.00,1.20,1.56,0.82,0.00
69113,-12.74,0.44,0.00,1.45,0.59,-0.28,0.00
69123,-12.74,0.45,0.00,1.08,1.07,0.28,0.00
69134,-12.73,0.46,1.25,0.87,1.55,0.54,0.00
69143,-12.71,0.48,1.25,1.40,2.18,0.95,0.00
69153,-12.69,0.49,2.50,0.93,0.87,-0.50,0.00
69164,-12.65,0.49,3.75,0.33,1.67,0.21,0.00
69174,-12.63,0.49,2.50,-0.10,0.52,-0.54,0.00
69183,-12.59,0.49,3.75,0.66,2.57,0.97,0.00
69193,-12.55,0.50,3.75,0.56,1.52,-0.06,0.00
69203,-12.50,0.51,5.00,0.70,2.01,0.08,0.00
69213,-12.45,0.50,5.00,-0.19,0.07,-1.56,0.00
69223,-12.40,0.50,5.00,-0.05,2.02,0.33,0.00
69233,-12.36,0.51,3.75,0.09,2.14,0.67,0.00
69243,-12.30,0.51,6.25,0.68,1.91,-0.31,0.00
69253,-12.25,0.52,5.00,0.93,1.74,-0.32,0.00
69263,-12.19,0.52,6.25,0.21,2.52,0.41,0.00
69273,-12.13,0.52,6.25,0.12,1.68,-0.41,0.00
69283,-12.04,0.52,8.75,-0.23,3.13,0.62,0.00
69294,-11.96,0.52,7.50,-0.44,2.45,0.28,0.00
69304,-11.88,0.52,8.75,-0.28,1.76,-0.72,0.00
69314,-11.77,0.50,10.00,-1.27,2.79,0.40,0.00
69324,-11.68,0.50,10.00,-0.65,2.80,0.22,0.00
69335,-11.56,0.49,11.25,-0.59,2.73,-0.12,0.00
69344,-11.46,0.48,10.00,-1.43,2.01,-0.27,0.00
69354,-11.35,0.46,11.25,-1.36,2.49,-0.04,0.00
69364,-11.24,0.45,11.25,-1.17,2.04,-0.52,0.00
69374,-11.13,0.44,11.25,-0.80,3.25,0.59,0.00
69384,-11.02,0.43,10.00,-0.82,2.07,-0.30,0.00
69395,-10.91,0.42,11.25,-1.01,3.29,0.75,0.00
69404,-10.80,0.41,11.25,-1.12,2.38,-0.10,0.00
69415,-10.66,0.41,13.75,-0.73,2.45,-0.66,0.00
69424,-10.55,0.39,11.25,-1.36,2.02,-0.33,0.00
69434,-10.43,0.38,12.50,-1.27,1.60,-1.01,0.00
69444,-10.31,0.37,11.25,-0.68,2.87,0.35,0.00
69455,-10.21,0.37,10.00,-0.31,2.15,-0.22,0.00
69465,-10.09,0.37,12.50,0.09,2.90,-0.14,0.00
69475,-9.96,0.37,12.50,-0.17,2.88,-0.08,0.00
69485,-9.84,0.37,12.50,0.05,3.52,0.47,0.00
69496,-9.70,0.36,13.75,-0.65,2.62,-0.46,0.00
69506,-9.56,0.35,13.75,-0.94,2.73,-0.23,0.00
69516,-9.43,0.34,13.75,-1.57,2.80,0.09,0.00
69525,-9.29,0.33,13.75,-1.22,2.32,-0.48,0.00
69535,-9.14,0.32,15.00,-0.94,2.28,-0.85,0.00
69545,-9.00,0.31,13.75,-0.96,2.40,-0.44,0.00
69555,-8.89,0.30,11.25,-0.56,2.48,0.04,0.00
69565,-8.76,0.30,12.50,-0.16,2.34,-0.50,0.00
69575,-8.61,0.30,15.00,0.00,3.76,0.34,0.00
69585,-8.49,0.30,12.50,0.16,3.04,0.07,0.00
69595,-8.36,0.30,12.50,0.00,2.71,-0.21,0.00
69605,-8.21,0.29,15.00,-1.22,3.34,0.31,0.00
69615,-8.06,0.28,15.00,-0.98,3.52,0.43,0.00
69625,-7.90,0.27,16.25,-1.29,3.49,0.27,0.00
69635,-7.75,0.25,15.00,-1.94,3.38,0.68,0.00
69645,-7.57,0.23,17.50,-1.99,3.97,0.82,0.00
69655,-7.39,0.20,18.75,-2.29,3.52,0.27,0.00
69665,-7.20,0.18,18.75,-2.74,3.03,0.00,0.00
69676,-7.01,0.14,18.75,-3.28,3.37,0.62,0.00
69685,-6.84,0.11,17.50,-3.39,1.67,-0.69,0.00
69695,-6.66,0.08,17.50,-3.26,3.11,0.81,0.00
69705,-6.49,0.05,17.50,-3.11,1.90,-0.36,0.00
69716,-6.32,0.02,16.25,-2.29,1.49,-0.70,0.00
69725,-6.20,0.01,12.50,-1.59,1.24,-0.34,0.00
69735,-6.06,-0.00,13.75,-0.94,2.52,0.49,0.00
69745,-5.94,-0.00,12.50,-0.03,1.25,-0.82,0.00
69755,-5.82,0.00,11.25,0.65,2.61,0.56,0.00
69765,-5.74,0.01,8.75,0.37,0.61,-0.85,0.00
69776,-5.61,0.01,12.50,0.66,2.06,-0.32,0.00
69785,-5.54,0.02,7.50,0.91,1.42,-0.02,0.00
69795,-5.44,0.04,10.00,1.83,2.23,-0.11,0.00
69806,-5.35,0.06,8.75,1.71,2.33,0.22,0.00
69816,-5.25,0.07,10.00,1.54,2.83,0.46,0.00
69826,-5.15,0.09,10.00,1.15,1.83,-0.48,0.00
69837,-5.03,0.09,12.50,0.51,2.97,0.32,0.00
69847,-4.91,0.09,11.25,-0.37,1.87,-0.23,0.00
69856,-4.80,0.08,11.25,-0.47,1.66,-0.40,0.00
69866,-4.68,0.08,12.50,-0.70,3.49,1.24,0.00
69876,-4.56,0.07,11.25,-0.73,1.37,-0.59,0.00
69886,-4.43,0.06,13.75,-0.87,2.95,0.54,0.00
69897,-4.31,0.05,11.25,-0.86,1.13,-0.75,0.00
69906,-4.19,0.04,12.50,-1.31,2.52,0.56,0.00
69917,-4.06,0.02,12.50,-1.62,2.21,0.40,0.00
69926,-3.94,0.01,12.50,-1.29,1.94,0.06,0.00
69937,-3.84,0.00,10.00,-0.65,1.98,0.43,0.00
69946,-3.71,-0.01,12.50,-1.03,0.75,-1.19,0.00
69957,-3.60,-0.02,11.25,-1.15,1.38,-0.22,0.00
69966,-3.50,-0.02,10.00,0.00,1.38,-0.34,0.00
69977,-3.43,-0.01,7.50,0.82,1.82,0.33,0.00
69987,-3.33,-0.00,10.00,0.84,1.56,-0.49,0.00
69997,-3.25,0.00,7.50,0.65,0.95,-0.55,0.00
70007,-3.16,0.01,8.75,0.45,1.04,-0.69,0.00
70018,-3.09,0.01,7.50,0.47,1.65,0.16,0.00
70027,-3.04,0.02,5.00,1.19,1.37,0.13,0.00
70037,-2.96,0.04,7.50,1.52,2.22,0.29,0.00
70047,-2.89,0.05,7.50,1.33,1.93,0.00,0.00
70057,-2.79,0.06,10.00,1.17,2.16,-0.29,0.00
70067,-2.71,0.07,7.50,0.23,1.23,-0.41,0.00
70077,-2.63,0.06,8.75,-0.35,1.46,-0.25,0.00
70087,-2.55,0.06,7.50,-0.49,0.88,-0.51,0.00
70098,-2.48,0.05,7.50,-0.61,1.20,-0.14,0.00
70107,-2.41,0.05,6.25,-0.21,1.42,0.21,0.00
70118,-2.35,0.06,6.25,1.10,0.70,-0.97,0.00
70127,-2.29,0.07,6.25,1.06,2.10,0.40,0.00
70137,-2.23,0.08,6.25,0.91,2.19,0.50,0.00
70147,-2.16,0.09,6.25,0.86,1.02,-0.68,0.00
70157,-2.06,0.10,10.00,0.66,3.72,1.26,0.00
70167,-1.99,0.09,7.50,-0.10,2.43,0.74,0.00
70177,-1.88,0.09,11.25,-0.54,1.71,-0.62,0.00
70188,-1.76,0.07,11.25,-2.41,0.86,-0.80,0.00
70197,-1.66,0.04,10.00,-2.74,1.35,0.14,0.00
70207,-1.59,0.01,7.50,-2.84,0.29,-0.26,0.00
70217,-1.50,-0.01,8.75,-1.76,0.21,-0.90,0.00
70227,-1.44,-0.01,6.25,-0.16,0.45,-0.65,0.00
70237,-1.41,0.00,2.50,1.17,1.79,1.02,0.00
70247,-1.37,0.02,3.75,1.73,1.49,0.21,0.00
70258,-1.31,0.04,6.25,1.75,2.03,0.15,0.00
70267,-1.25,0.05,6.25,1.36,3.17,1.36,0.00
70277,-1.19,0.05,6.25,0.16,1.71,0.27,0.00
70287,-1.09,0.04,10.00,-1.03,2.44,0.62,0.00
70297,-1.00,0.02,8.75,-2.37,0.65,-0.40,0.00
70307,-0.90,-0.01,10.00,-2.43,0.54,-0.68,0.00
70318,-0.83,-0.03,7.50,-2.55,2.24,1.66,0.00
70328,-0.76,-0.05,6.25,-1.88,0.63,0.16,0.00
70338,-0.68,-0.06,8.75,-0.86,1.33,0.03,0.00
70348,-0.61,-0.07,6.25,-1.13,0.67,0.02,0.00
70360,-0.55,-0.08,6.25,-0.91,0.20,-0.50,0.00
70368,-0.51,-0.08,3.75,-0.52,-0.03,-0.31,0.00
70379,-0.47,-0.09,3.75,-0.10,-0.52,-0.93,0.00
70388,-0.45,-0.08,2.50,0.96,0.68,0.16,0.00
70398,-0.45,-0.06,0.00,2.08,0.79,0.36,0.00
70408,-0.45,-0.03,0.00,2.34,0.60,0.01,0.00
70419,-0.45,-0.01,0.00,1.85,-0.32,-0.82,0.00
70428,-0.45,0.00,0.00,1.62,-0.35,-0.84,0.00
70439,-0.45,0.02,0.00,1.75,-0.21,-0.80,0.00
70448,-0.45,0.04,0.00,1.59,0.11,-0.48,0.00
70458,-0.45,0.05,0.00,1.55,0.60,-0.03,0.00
70468,-0.45,0.07,0.00,1.55,0.69,0.00,0.00
70479,-0.45,0.08,0.00,1.40,0.69,0.00,0.00
70489,-0.45,0.09,0.00,1.38,0.12,-0.61,0.00
70499,-0.45,0.11,0.00,1.41,0.93,0.14,0.00
70509,-0.45,0.12,0.00,1.33,1.14,0.33,0.00
70520,-0.45,0.14,0.00,1.31,1.28,0.42,0.00
70530,-0.45,0.15,0.00,1.24,1.31,0.43,0.00
70539,-0.44,0.16,1.25,1.19,1.59,0.43,0.00
70549,-0.39,0.17,5.00,0.91,1.62,-0.28,0.00
70560,-0.36,0.17,2.50,-0.24,0.07,-0.93,0.00
70569,-0.31,0.15,5.00,-1.45,0.85,-0.24,0.00
70579,-0.29,0.13,2.50,-1.69,-0.43,-0.86,0.00
70589,-0.26,0.12,2.50,-1.52,0.53,0.10,0.00
70599,-0.24,0.12,2.50,-0.35,0.97,0.18,0.00
70609,-0.22,0.12,1.25,0.56,1.11,0.27,0.00
70619,-0.20,0.13,2.50,0.45,0.80,-0.30,0.00
70629,-0.17,0.13,2.50,0.26,1.33,0.28,0.00
70639,-0.15,0.12,2.50,-0.72,0.89,0.19,0.00
70649,-0.10,0.11,5.00,-0.94,1.35,0.22,0.00
70659,-0.08,0.10,2.50,-1.24,1.14,0.67,0.00
70669,-0.03,0.08,5.00,-1.54,0.92,0.07,0.00
70679,0.03,0.07,5.00,-1.73,0.91,0.17,0.00
70689,0.06,0.05,3.75,-2.01,0.56,0.24,0.00
70700,0.10,0.02,3.75,-2.23,-0.18,-0.35,0.00
70709,0.14,0.01,3.75,-1.94,0.28,0.08,0.00
70719,0.14,-0.01,0.00,-1.13,0.08,0.45,0.00
70729,0.16,-0.00,2.50,0.14,0.15,-0.41,0.00
70739,0.16,-0.00,0.00,0.37,0.76,0.63,0.00
70749,0.16,0.00,0.00,0.17,-0.75,-0.82,0.00
70759,0.16,0.00,0.00,0.16,0.17,0.10,0.00
70769,0.15,0.00,-1.25,0.19,-0.40,-0.23,0.00
70779,0.15,0.00,0.00,0.00,0.01,-0.02,0.00
70789,0.15,0.00,0.00,-0.10,0.52,0.52,0.00
70799,0.15,0.00,0.00,-0.16,0.01,0.04,0.00
70809,0.15,-0.00,0.00,-0.33,0.71,0.81,0.00
70819,0.15,-0.01,0.00,-0.42,-0.47,-0.32,0.00
70830,0.15,-0.01,0.00,-0.38,-0.44,-0.29,0.00
70840,0.15,-0.02,0.00,-0.52,-0.38,-0.18,0.00
70850,0.15,-0.02,0.00,-0.58,0.29,0.53,0.00
70860,0.15,-0.03,0.00,-0.66,-0.18,0.11,0.00
70871,0.15,-0.04,0.00,-0.84,-0.55,-0.17,0.00
70880,0.15,-0.05,0.00,-0.93,-0.59,-0.15,0.00
70890,0.15,-0.05,0.00,-0.94,-1.21,-0.73,0.00
70901,0.15,-0.07,0.00,-1.17,-1.18,-0.59,0.00
70910,0.15,-0.08,0.00,-1.22,-1.72,-1.06,0.00
70921,0.15,-0.09,0.00,-1.33,-0.62,0.11,0.00
70930,0.15,-0.11,0.00,-1.45,-1.01,-0.19,0.00
70940,0.15,-0.12,0.00,-1.54,-0.74,0.16,0.00
70950,0.15,-0.14,0.00,-1.64,-0.96,0.04,0.00
70961,0.15,-0.16,0.00,-1.78,-1.60,-0.50,0.00
70970,0.15,-0.17,0.00,-1.88,-0.51,0.69,0.00
70980,0.15,-0.20,0.00,-2.09,-1.48,-0.14,0.00
70990,0.15,-0.22,0.00,-2.23,-1.56,-0.10,0.00
71001,0.15,-0.24,0.00,-2.36,-2.22,-0.63,0.00
71011,0.14,-0.27,-1.25,-2.53,-2.75,-0.76,0.00
71021,0.12,-0.29,-1.25,-2.27,-2.21,-0.22,0.00
71031,0.06,-0.30,-6.25,-1.26,-2.22,0.55,0.00
71042,0.01,-0.30,-5.00,-0.07,-2.44,-0.31,0.00
71051,-0.05,-0.30,-6.25,-0.10,-2.70,-0.29,0.00
71061,-0.12,-0.30,-7.50,0.45,-2.76,-0.27,0.00
71071,-0.21,-0.29,-8.75,0.75,-2.52,0.12,0.00
71081,-0.31,-0.28,-10.00,1.31,-2.88,-0.19,0.00
71091,-0.40,-0.26,-8.75,1.45,-2.45,-0.11,0.00
71101,-0.51,-0.25,-11.25,1.52,-3.19,-0.40,0.00
71111,-0.63,-0.23,-11.25,1.43,-2.39,0.39,0.00
71121,-0.74,-0.22,-11.25,1.68,-2.15,0.51,0.00
71131,-0.85,-0.20,-11.25,1.90,-3.07,-0.55,0.00
71141,-0.96,-0.19,-11.25,1.24,-2.65,0.05,0.00
71151,-1.09,-0.18,-12.50,0.96,-3.33,-0.30,0.00
71161,-1.21,-0.16,-12.50,1.57,-2.98,-0.19,0.00
71171,-1.34,-0.15,-12.50,1.52,-3.32,-0.55,0.00
71181,-1.46,-0.13,-12.50,2.01,-2.75,-0.20,0.00
71191,-1.61,-0.10,-15.00,2.20,-3.21,-0.25,0.00
71201,-1.76,-0.08,-15.00,2.29,-3.34,-0.48,0.00
71212,-1.91,-0.06,-15.00,2.09,-3.08,-0.22,0.00
71221,-2.06,-0.03,-15.00,2.65,-2.76,-0.16,0.00
71231,-2.21,-0.01,-15.00,2.83,-2.43,0.03,0.00
71241,-2.38,0.02,-16.25,2.69,-3.11,-0.42,0.00
71251,-2.53,0.05,-15.00,2.44,-2.84,-0.41,0.00
71261,-2.66,0.07,-13.75,1.97,-1.77,0.50,0.00
71271,-2.81,0.09,-15.00,2.04,-2.51,-0.06,0.00
71281,-2.94,0.11,-12.50,1.92,-1.78,0.13,0.00
71291,-3.08,0.12,-13.75,1.61,-1.76,0.46,0.00
71301,-3.20,0.13,-12.50,1.06,-2.13,-0.02,0.00
71311,-3.31,0.13,-11.25,0.17,-3.16,-1.03,0.00
71321,-3.44,0.13,-12.50,-0.40,-2.80,-0.20,0.00
71331,-3.58,0.12,-13.75,-0.51,-2.99,-0.06,0.00
71342,-3.70,0.14,-12.50,1.10,-1.78,0.35,0.00
71352,-3.85,0.15,-15.00,1.41,-1.78,0.73,0.00
71362,-3.98,0.16,-12.50,1.34,-1.53,0.45,0.00
71372,-4.09,0.18,-11.25,1.31,-2.48,-0.78,0.00
71384,-4.20,0.18,-11.25,0.63,-1.84,0.06,0.00
71392,-4.31,0.18,-11.25,-0.24,-1.44,0.75,0.00
71402,-4.41,0.18,-10.00,-0.38,-1.76,0.24,0.00
71412,-4.51,0.17,-10.00,-0.49,-3.23,-1.17,0.00
71422,-4.63,0.16,-11.25,-0.72,-3.10,-0.67,0.00
71432,-4.74,0.16,-11.25,-0.93,-3.78,-1.24,0.00
71442,-4.88,0.16,-13.75,0.02,-2.84,-0.06,0.00
71452,-5.03,0.17,-15.00,1.83,-2.49,-0.08,0.00
71463,-5.19,0.20,-16.25,2.46,-2.38,0.01,0.00
71472,-5.31,0.22,-12.50,2.41,-1.84,-0.28,0.00
71482,-5.46,0.25,-15.00,2.48,-2.78,-0.79,0.00
71492,-5.59,0.27,-12.50,2.51,-1.67,-0.30,0.00
71502,-5.73,0.29,-13.75,1.59,-2.07,-0.19,0.00
71513,-5.86,0.30,-13.75,1.31,-2.60,-0.66,0.00
71523,-5.99,0.31,-12.50,0.82,-1.40,0.42,0.00
71533,-6.11,0.32,-12.50,0.68,-2.51,-0.66,0.00
71543,-6.24,0.33,-12.50,1.03,-1.77,-0.06,0.00
71554,-6.35,0.34,-11.25,0.87,-1.51,-0.02,0.00
71563,-6.45,0.34,-10.00,0.79,0.04,1.27,0.00
71573,-6.56,0.35,-11.25,0.65,-1.01,0.51,0.00
71583,-6.63,0.35,-6.25,0.09,-1.11,-0.46,0.00
71593,-6.66,0.34,-3.75,-1.38,-1.01,-0.36,0.00
71604,-6.68,0.30,-1.25,-3.28,-0.95,-0.10,0.00
71613,-6.70,0.26,-2.50,-4.38,-2.16,-0.54,0.00
71623,-6.70,0.21,0.00,-5.01,-2.02,-0.55,0.00
71633,-6.70,0.16,0.00,-5.25,-1.04,0.69,0.00
71643,-6.70,0.11,0.00,-5.24,-2.35,-0.43,0.00
71653,-6.70,0.05,0.00,-5.13,-1.90,0.15,0.00
71663,-6.70,0.00,0.00,-5.06,-2.27,-0.05,0.00
71673,-6.70,-0.05,0.00,-5.06,-1.97,0.42,0.00
71683,-6.70,-0.10,0.00,-5.15,-2.47,0.13,0.00
71693,-6.70,-0.15,0.00,-5.34,-2.79,0.05,0.00
71704,-6.70,-0.21,0.00,-5.72,-3.20,-0.03,0.00
71713,-6.70,-0.27,0.00,-5.92,-4.28,-0.84,0.00
71724,-6.71,-0.33,-1.25,-5.76,-4.41,-0.56,0.00
71733,-6.79,-0.38,-7.50,-5.45,-6.76,-1.50,0.00
71743,-6.90,-0.42,-11.25,-3.86,-4.97,0.72,0.00
71753,-7.04,-0.42,-13.75,-0.37,-5.24,-0.12,0.00
71763,-7.21,-0.39,-17.50,2.91,-4.39,0.38,0.00
71773,-7.39,-0.35,-17.50,3.96,-4.67,-0.36,0.00
71784,-7.61,-0.31,-22.50,4.66,-4.82,0.18,0.00
71793,-7.84,-0.26,-22.50,4.83,-5.73,-0.94,0.00
71803,-8.09,-0.21,-25.00,5.27,-5.83,-0.81,0.00
71813,-8.32,-0.15,-23.75,5.85,-4.73,-0.34,0.00
71823,-8.60,-0.08,-27.50,6.98,-4.89,-0.30,0.00
71833,-8.88,-0.01,-27.50,7.28,-4.22,0.04,0.00
71843,-9.15,0.06,-27.50,7.00,-4.47,-0.34,0.00
71854,-9.43,0.13,-27.50,6.98,-3.61,0.31,0.00
71864,-9.70,0.20,-27.50,6.93,-3.08,0.64,0.00
71874,-9.95,0.27,-25.00,6.91,-2.99,-0.01,0.00
71884,-10.19,0.34,-23.75,6.88,-2.91,-0.40,0.00
71895,-10.41,0.41,-22.50,6.44,-2.61,-0.43,0.00
71904,-10.60,0.46,-18.75,5.79,-0.98,0.44,0.00
71914,-10.81,0.51,-21.25,4.33,-1.98,0.29,0.00
71924,-10.99,0.54,-17.50,3.04,-2.84,-1.03,0.00
71934,-11.15,0.55,-16.25,1.52,-0.99,1.00,0.00
71944,-11.30,0.57,-15.00,1.52,-1.71,-0.01,0.00
71954,-11.44,0.58,-13.75,1.66,-1.87,-0.53,0.00
71964,-11.57,0.59,-13.75,0.75,-1.28,0.33,0.00
71974,-11.69,0.59,-11.25,0.14,-1.36,-0.07,0.00
71984,-11.79,0.60,-10.00,0.30,-0.08,0.90,0.00
71994,-11.90,0.59,-11.25,-0.24,-0.74,0.70,0.00
72004,-11.98,0.58,-7.50,-1.17,-0.51,0.48,0.00
72014,-12.02,0.56,-5.00,-2.30,-0.70,0.21,0.00
72025,-12.09,0.54,-6.25,-2.32,-0.75,0.52,0.00
72035,-12.14,0.51,-5.00,-2.65,-1.80,-0.59,0.00
72045,-12.18,0.48,-3.75,-2.71,-0.54,0.52,0.00
72055,-12.24,0.46,-6.25,-2.37,-1.87,-0.30,0.00
72066,-12.27,0.44,-3.75,-1.90,-0.50,0.46,0.00
72075,-12.34,0.42,-6.25,-2.01,-0.62,0.98,0.00
72085,-12.38,0.41,-3.75,-1.24,-1.01,-0.14,0.00
72095,-12.43,0.40,-5.00,-1.15,-1.23,-0.07,0.00
72105,-12.48,0.38,-5.00,-1.66,-1.41,-0.03,0.00
72115,-12.51,0.36,-3.75,-2.01,-0.64,0.66,0.00
72125,-12.56,0.34,-5.00,-1.57,-1.26,0.22,0.00
72135,-12.61,0.33,-5.00,-1.22,-1.65,-0.23,0.00
72145,-12.65,0.32,-3.75,-0.96,-0.55,0.56,0.00
72155,-12.70,0.31,-5.00,-0.75,-0.20,1.13,0.00
72165,-12.75,0.31,-5.00,-0.40,-1.75,-0.51,0.00
72175,-12.79,0.30,-3.75,-0.96,-1.04,0.15,0.00
72185,-12.84,0.29,-5.00,-1.26,-0.35,1.25,0.00
72195,-12.88,0.28,-3.75,-0.98,-0.88,0.41,0.00
72205,-12.91,0.27,-3.75,-0.75,-0.94,0.31,0.00
72215,-12.95,0.26,-3.75,-1.24,-1.71,-0.26,0.00
72225,-12.99,0.25,-3.75,-1.17,-1.29,0.17,0.00
72236,-13.05,0.24,-6.25,-1.12,-1.92,0.10,0.00
72245,-13.10,0.23,-5.00,-0.37,-1.93,-0.39,0.00
72255,-13.15,0.23,-5.00,0.28,-1.25,0.07,0.00
72266,-13.23,0.24,-7.50,1.01,-1.57,0.02,0.00
72275,-13.29,0.26,-6.25,1.59,-0.45,0.64,0.00
72285,-13.35,0.27,-6.25,1.45,-2.33,-1.25,0.00
72295,-13.40,0.29,-5.00,1.38,-1.12,-0.32,0.00
72305,-13.48,0.30,-7.50,1.10,-1.36,0.03,0.00
72315,-13.54,0.32,-6.25,1.85,-0.50,0.32,0.00
72325,-13.59,0.34,-5.00,1.83,-0.25,0.26,0.00
72335,-13.64,0.35,-5.00,1.73,-1.03,-0.54,0.00
72345,-13.68,0.36,-3.75,1.01,-0.67,-0.25,0.00
72355,-13.71,0.37,-3.75,0.75,-1.00,-0.52,0.00
72366,-13.74,0.38,-2.50,0.80,1.06,1.24,0.00
72376,-13.77,0.39,-3.75,0.65,0.32,0.79,0.00
72386,-13.77,0.39,0.00,0.38,-0.22,-0.47,0.00
72396,-13.77,0.38,0.00,-0.58,0.75,0.83,0.00
72408,-13.77,0.38,0.00,-0.63,0.82,0.94,0.00
72416,-13.77,0.37,0.00,-0.28,0.01,0.02,0.00
72426,-13.76,0.37,1.25,-0.14,0.21,-0.08,0.00
72436,-13.76,0.37,0.00,0.00,0.61,0.54,0.00
72446,-13.76,0.38,0.00,0.17,-0.01,-0.14,0.00
72456,-13.76,0.38,0.00,0.35,-0.60,-0.80,0.00
72466,-13.76,0.38,0.00,0.49,1.02,0.76,0.00
72476,-13.76,0.39,0.00,0.63,0.49,0.17,0.00
72487,-13.76,0.40,0.00,0.63,0.24,-0.10,0.00
72496,-13.76,0.40,0.00,0.58,0.37,0.02,0.00
72506,-13.76,0.41,0.00,0.96,2.03,1.53,0.00
72516,-13.76,0.42,0.00,1.15,-0.05,-0.66,0.00
72527,-13.74,0.43,2.50,1.01,0.95,-0.18,0.00
72537,-13.73,0.44,1.25,0.44,0.48,-0.22,0.00
72547,-13.73,0.45,0.00,0.87,1.14,0.54,0.00
72557,-13.73,0.46,0.00,1.71,1.02,0.09,0.00
72568,-13.73,0.49,0.00,2.48,2.92,1.65,0.00
72578,-13.73,0.52,0.00,2.93,1.49,-0.03,0.00
72587,-13.73,0.55,0.00,3.25,1.19,-0.54,0.00
72597,-13.73,0.58,0.00,2.91,2.00,0.27,0.00
72607,-13.73,0.60,0.00,2.55,1.60,-0.10,0.00
72617,-13.73,0.64,0.00,3.60,2.55,0.40,0.00
72627,-13.73,0.68,0.00,4.01,2.83,0.40,0.00
72637,-13.73,0.72,0.00,4.03,1.72,-0.86,0.00
72647,-13.73,0.77,0.00,4.71,2.33,-0.63,0.00
72657,-13.74,0.82,-1.25,4.96,3.34,0.39,0.00
72667,-13.74,0.86,0.00,4.75,3.29,-0.02,0.00
72677,-13.73,0.92,1.25,5.06,3.75,-0.10,0.00
72687,-13.68,0.97,5.00,5.15,5.45,0.60,0.00
72697,-13.60,1.00,7.50,3.05,5.06,0.24,0.00
72707,-13.50,1.01,10.00,0.91,4.13,-0.57,0.00
72717,-13.36,1.00,13.75,-0.80,4.61,-0.32,0.00
72727,-13.19,0.98,17.50,-1.71,5.30,-0.08,0.00
72737,-13.02,0.96,16.25,-1.92,5.65,0.66,0.00
72748,-12.81,0.94,21.25,-2.46,5.77,-0.03,0.00
72757,-12.61,0.91,20.00,-3.25,6.01,0.81,0.00
72767,-12.38,0.86,23.75,-4.05,5.49,-0.11,0.00
72777,-12.11,0.82,26.25,-4.47,5.86,0.00,0.00
72787,-11.86,0.77,25.00,-4.85,5.92,0.59,0.00
72797,-11.60,0.72,26.25,-5.13,5.58,0.23,0.00
72808,-11.34,0.67,26.25,-5.39,5.70,0.60,0.00
72817,-11.04,0.61,30.00,-5.57,5.49,-0.17,0.00
72828,-10.74,0.55,30.00,-5.76,5.83,0.40,0.00
72837,-10.48,0.49,26.25,-5.81,4.40,-0.04,0.00
72847,-10.16,0.44,31.25,-5.99,5.71,0.46,0.00
72857,-9.88,0.38,28.75,-5.50,4.78,0.06,0.00
72867,-9.57,0.33,30.00,-5.25,4.83,-0.07,0.00
72878,-9.27,0.27,30.00,-5.95,3.67,-0.83,0.00
72889,-8.99,0.21,28.75,-5.48,3.34,-0.88,0.00
72898,-8.71,0.16,27.50,-5.36,3.80,-0.03,0.00
72908,-8.45,0.12,26.25,-4.45,4.26,0.53,0.00
72919,-8.20,0.08,25.00,-3.42,3.87,0.17,0.00
72928,-7.98,0.05,22.50,-2.67,3.35,0.01,0.00
72938,-7.71,0.03,26.25,-2.62,3.74,-0.34,0.00
72949,-7.49,-0.00,22.50,-2.90,3.08,-0.04,0.00
72958,-7.25,-0.02,23.75,-2.34,3.61,0.11,0.00
72969,-7.04,-0.05,21.25,-2.09,2.98,-0.02,0.00
72978,-6.82,-0.06,21.25,-1.71,3.19,0.10,0.00
72989,-6.61,-0.08,21.25,-1.38,4.24,1.08,0.00
72998,-6.40,-0.09,21.25,-1.31,4.22,1.06,0.00
73008,-6.20,-0.10,20.00,-1.43,2.34,-0.48,0.00
73018,-5.98,-0.12,22.50,-1.75,2.78,-0.43,0.00
73028,-5.78,-0.15,20.00,-2.46,1.93,-0.46,0.00
73038,-5.57,-0.17,20.00,-2.50,2.47,0.16,0.00
73049,-5.40,-0.19,17.50,-1.85,1.17,-0.77,0.00
73059,-5.24,-0.19,16.25,-0.24,1.35,-0.84,0.00
73069,-5.10,-0.19,13.75,0.56,2.35,0.39,0.00
73079,-4.96,-0.17,13.75,1.62,2.25,-0.11,0.00
73090,-4.84,-0.15,12.50,2.13,3.05,0.70,0.00
73099,-4.71,-0.13,12.50,1.83,2.07,-0.26,0.00
73109,-4.59,-0.12,12.50,1.27,2.29,0.08,0.00
73119,-4.44,-0.11,15.00,0.93,3.23,0.56,0.00
73129,-4.31,-0.10,12.50,0.44,1.60,-0.41,0.00
73139,-4.18,-0.10,13.75,0.40,2.85,0.56,0.00
73149,-4.04,-0.10,13.75,-0.09,1.68,-0.47,0.00
73159,-3.89,-0.10,15.00,0.26,2.16,-0.38,0.00
73169,-3.76,-0.10,12.50,0.00,1.84,-0.10,0.00
73179,-3.64,-0.09,12.50,0.65,1.99,-0.20,0.00
73190,-3.53,-0.08,11.25,0.68,1.78,-0.19,0.00
73199,-3.40,-0.08,12.50,0.93,2.15,-0.20,0.00
73209,-3.28,-0.07,12.50,0.96,2.48,0.07,0.00
73219,-3.18,-0.06,10.00,0.89,2.05,0.15,0.00
73229,-3.05,-0.05,12.50,0.51,3.18,0.84,0.00
73239,-2.93,-0.05,12.50,0.26,2.22,-0.05,0.00
73250,-2.79,-0.05,13.75,0.07,2.76,0.27,0.00
73260,-2.65,-0.05,13.75,-0.26,2.80,0.41,0.00
73269,-2.51,-0.06,13.75,-0.56,2.18,-0.10,0.00
73279,-2.38,-0.07,13.75,-1.19,1.12,-0.93,0.00
73289,-2.24,-0.08,13.75,-1.64,1.46,-0.40,0.00
73299,-2.13,-0.10,11.25,-1.80,1.26,0.02,0.00
73309,-2.03,-0.10,10.00,0.00,2.12,0.56,0.00
73319,-1.92,-0.09,10.00,0.91,2.72,0.83,0.00
73329,-1.83,-0.09,10.00,0.82,1.04,-0.86,0.00
73339,-1.70,-0.08,12.50,0.38,1.31,-1.00,0.00
73349,-1.61,-0.08,8.75,-0.12,1.14,-0.22,0.00
73359,-1.52,-0.09,8.75,-0.37,1.30,0.02,0.00
73369,-1.44,-0.07,8.75,1.22,1.23,-0.60,0.00
73379,-1.36,-0.06,7.50,1.24,1.58,-0.05,0.00
73391,-1.30,-0.05,6.25,0.99,1.87,0.54,0.00
73400,-1.21,-0.04,8.75,1.27,1.85,-0.15,0.00
73410,-1.12,-0.03,8.75,1.05,2.67,0.70,0.00
73420,-1.04,-0.02,8.75,0.70,1.55,-0.34,0.00
73431,-0.93,-0.02,11.25,0.24,3.03,0.74,0.00
73440,-0.83,-0.02,10.00,-0.24,1.91,0.04,0.00
73450,-0.73,-0.03,10.00,-0.80,1.63,-0.05,0.00
73460,-0.61,-0.05,11.25,-1.85,1.58,0.03,0.00
73470,-0.51,-0.07,10.00,-2.08,0.17,-0.98,0.00
73480,-0.44,-0.09,7.50,-1.85,0.40,-0.24,0.00
73490,-0.36,-0.09,7.50,0.00,1.46,0.22,0.00
73500,-0.30,-0.07,6.25,1.31,1.20,-0.25,0.00
73511,-0.24,-0.06,6.25,1.40,1.43,-0.10,0.00
73520,-0.19,-0.05,5.00,0.93,1.58,0.43,0.00
73530,-0.12,-0.05,6.25,0.52,1.46,0.16,0.00
73540,-0.05,-0.04,7.50,0.23,2.76,1.27,0.00
73550,0.03,-0.04,7.50,-0.05,0.49,-0.91,0.00
73561,0.12,-0.05,10.00,-0.93,0.95,-0.68,0.00
73572,0.19,-0.07,6.25,-1.64,0.20,-0.36,0.00
73581,0.24,-0.08,5.00,-1.43,0.66,0.34,0.00
73591,0.30,-0.08,6.25,0.49,1.23,0.02,0.00
73602,0.34,-0.07,3.75,1.26,1.40,0.42,0.00
73611,0.37,-0.06,3.75,0.96,0.80,-0.13,0.00
73621,0.43,-0.05,5.00,0.58,1.44,0.35,0.00
73631,0.47,-0.05,5.00,-0.02,1.37,0.46,0.00
73641,0.54,-0.05,6.25,-0.19,-0.17,-1.28,0.00
73651,0.59,-0.06,5.00,-0.77,0.07,-0.57,0.00
73661,0.61,-0.07,2.50,-0.59,0.78,0.62,0.00
73671,0.63,-0.06,1.25,0.79,1.02,0.66,0.00
73681,0.64,-0.04,1.25,2.04,1.04,0.20,0.00
73691,0.64,-0.02,0.00,2.01,0.37,-0.27,0.00
73701,0.64,0.00,0.00,1.94,1.02,0.34,0.00
73711,0.64,0.02,0.00,1.75,1.44,0.77,0.00
73721,0.64,0.03,0.00,1.68,1.12,0.40,0.00
73732,0.64,0.05,0.00,1.61,0.66,-0.09,0.00
73741,0.64,0.07,0.00,1.52,0.83,0.05,0.00
73751,0.64,0.08,0.00,1.45,1.45,0.65,0.00
73761,0.64,0.09,0.00,1.40,1.37,0.53,0.00
73772,0.64,0.11,0.00,1.34,0.99,0.12,0.00
73781,0.64,0.12,0.00,1.29,1.33,0.44,0.00
73792,0.64,0.13,0.00,1.20,1.22,0.32,0.00
73801,0.64,0.14,0.00,1.17,1.70,0.76,0.00
73812,0.66,0.15,2.50,1.06,1.90,0.44,0.00
73821,0.70,0.16,3.75,0.77,1.48,-0.18,0.00
73832,0.76,0.16,6.25,-0.23,1.07,-0.80,0.00
73841,0.81,0.15,5.00,-1.27,2.03,0.79,0.00
73851,0.86,0.13,5.00,-2.01,1.13,0.20,0.00
73861,0.91,0.10,5.00,-2.37,1.13,0.39,0.00
73871,0.99,0.07,7.50,-2.90,0.87,-0.13,0.00
73881,1.04,0.04,5.00,-3.02,-0.26,-0.59,0.00
73892,1.09,0.01,5.00,-3.05,-0.15,-0.37,0.00
73902,1.11,-0.01,2.50,-2.30,-0.09,0.05,0.00
73912,1.12,-0.02,1.25,-0.93,-0.10,-0.10,0.00
73922,1.14,-0.01,1.25,0.52,0.17,-0.32,0.00
73932,1.14,-0.01,0.00,0.42,0.11,-0.09,0.00
73943,1.14,-0.01,0.00,0.33,-0.13,-0.32,0.00
73953,1.14,-0.00,0.00,0.28,0.37,0.19,0.00
73962,1.14,-0.00,0.00,0.16,0.70,0.55,0.00
73972,1.14,-0.00,0.00,0.09,-0.70,-0.83,0.00
73982,1.14,0.00,0.00,0.03,-0.71,-0.82,0.00
73993,1.14,0.00,0.00,-0.02,-0.03,-0.13,0.00
74002,1.12,0.00,-1.25,0.00,0.31,0.47,0.00
74012,1.12,-0.00,0.00,-0.28,0.01,0.01,0.00
74022,1.12,-0.01,0.00,-0.37,-0.28,-0.24,0.00
74032,1.12,-0.01,0.00,-0.30,0.60,0.62,0.00
74042,1.12,-0.01,0.00,-0.52,0.25,0.37,0.00
74052,1.12,-0.02,0.00,-0.54,0.08,0.23,0.00
74062,1.12,-0.03,0.00,-0.73,-0.41,-0.18,0.00
74074,1.12,-0.04,0.00,-0.77,0.56,0.83,0.00
74083,1.12,-0.04,0.00,-0.79,-0.34,-0.04,0.00
74094,1.12,-0.05,0.00,-0.96,0.42,0.81,0.00
74103,1.12,-0.06,0.00,-0.99,-0.84,-0.41,0.00
74114,1.14,-0.07,1.25,-1.10,-0.79,-0.55,0.00
74123,1.14,-0.09,0.00,-1.27,-0.06,0.55,0.00
74133,1.14,-0.10,0.00,-1.40,-0.30,0.40,0.00
74143,1.14,-0.11,0.00,-1.40,-1.08,-0.34,0.00
74155,1.14,-0.13,0.00,-1.61,-0.44,0.43,0.00
74163,1.14,-0.15,0.00,-1.69,-1.35,-0.39,0.00
74173,1.14,-0.16,0.00,-1.78,-1.21,-0.16,0.00
74183,1.14,-0.18,0.00,-1.99,-1.20,-0.02,0.00
74194,1.14,-0.21,0.00,-2.08,-1.87,-0.59,0.00
74203,1.14,-0.23,0.00,-2.22,-1.70,-0.30,0.00
74213,1.14,-0.25,0.00,-2.48,-0.90,0.67,0.00
74223,1.14,-0.28,0.00,-2.62,-1.14,0.57,0.00
74233,1.14,-0.31,0.00,-2.84,-2.03,-0.15,0.00
74243,1.14,-0.34,0.00,-3.00,-1.74,0.30,0.00
74253,1.14,-0.37,0.00,-3.21,-3.25,-1.03,0.00
74263,1.11,-0.40,-2.50,-3.46,-3.33,-0.39,0.00
74273,1.08,-0.44,-3.75,-3.23,-3.89,-0.64,0.00
74284,1.01,-0.45,-6.25,-1.01,-3.17,-0.06,0.00
74293,0.94,-0.44,-7.50,0.31,-2.25,0.69,0.00
74303,0.83,-0.43,-11.25,1.17,-3.51,-0.09,0.00
74314,0.73,-0.42,-10.00,1.05,-4.20,-1.03,0.00
74323,0.60,-0.41,-12.50,0.99,-3.86,-0.17,0.00
74333,0.47,-0.39,-12.50,1.97,-3.44,-0.12,0.00
74343,0.31,-0.36,-16.25,2.72,-4.41,-0.63,0.00
74353,0.15,-0.34,-16.25,2.88,-4.19,-0.54,0.00
74363,-0.03,-0.30,-17.50,3.37,-3.15,0.51,0.00
74373,-0.20,-0.26,-17.50,4.21,-2.52,0.74,0.00
74383,-0.37,-0.22,-17.50,4.03,-2.89,0.30,0.00
74393,-0.55,-0.19,-17.50,3.23,-2.54,0.80,0.00
74403,-0.73,-0.16,-17.50,2.72,-2.25,1.18,0.00
74414,-0.88,-0.14,-15.00,2.01,-3.36,-0.28,0.00
74424,-1.02,-0.13,-15.00,0.79,-3.65,-0.20,0.00
74434,-1.19,-0.13,-16.25,0.44,-3.65,0.18,0.00
74444,-1.34,-0.12,-15.00,0.59,-3.47,0.03,0.00
74456,-1.51,-0.11,-17.50,1.62,-3.41,0.25,0.00
74464,-1.66,-0.09,-15.00,1.83,-2.72,0.30,0.00
74474,-1.84,-0.07,-17.50,1.97,-3.39,0.05,0.00
74484,-2.01,-0.05,-17.50,1.85,-3.51,-0.08,0.00
74494,-2.19,-0.03,-17.50,1.43,-3.96,-0.42,0.00
74504,-2.34,-0.01,-15.00,2.06,-2.91,-0.16,0.00
74514,-2.54,0.01,-20.00,2.08,-2.92,0.82,0.00
74524,-2.70,0.03,-16.25,2.23,-2.53,0.31,0.00
74534,-2.89,0.05,-18.75,1.83,-2.80,0.65,0.00
74544,-3.04,0.06,-15.00,1.47,-2.79,-0.05,0.00
74554,-3.20,0.07,-16.25,1.17,-4.14,-1.07,0.00
74564,-3.38,0.08,-17.50,0.91,-3.11,0.29,0.00
74574,-3.55,0.09,-17.50,0.70,-4.69,-1.24,0.00
74585,-3.75,0.11,-20.00,1.55,-3.85,-0.18,0.00
74595,-3.95,0.13,-20.00,2.22,-2.48,0.92,0.00
74605,-4.15,0.16,-20.00,3.00,-2.73,0.33,0.00
74615,-4.35,0.19,-20.00,3.23,-2.39,0.50,0.00
74626,-4.53,0.22,-17.50,2.88,-2.61,-0.21,0.00
74635,-4.68,0.24,-15.00,2.23,-2.02,-0.01,0.00
74645,-4.84,0.25,-16.25,0.93,-3.82,-1.14,0.00
74655,-5.01,0.26,-17.50,0.61,-2.65,0.38,0.00
74665,-5.19,0.26,-17.50,0.45,-2.78,0.30,0.00
74675,-5.34,0.27,-15.00,0.58,-3.30,-0.78,0.00
74685,-5.51,0.28,-17.50,1.17,-3.93,-1.10,0.00
74695,-5.69,0.29,-17.50,1.61,-3.25,-0.60,0.00
74705,-5.89,0.32,-20.00,2.18,-2.30,0.62,0.00
74716,-6.06,0.34,-17.50,2.69,-2.10,0.06,0.00
74725,-6.24,0.37,-17.50,2.98,-0.91,1.07,0.00
74735,-6.39,0.40,-15.00,2.97,-2.08,-0.71,0.00
74745,-6.51,0.43,-12.50,2.27,-2.12,-1.12,0.00
74756,-6.64,0.43,-12.50,0.37,-2.82,-1.21,0.00
74765,-6.78,0.42,-13.75,-0.72,-2.79,-0.54,0.00
74775,-6.93,0.42,-15.00,-0.49,-3.27,-0.80,0.00
74785,-7.07,0.42,-15.00,0.03,-3.04,-0.72,0.00
74797,-7.23,0.43,-15.00,0.93,-1.21,0.80,0.00
74805,-7.38,0.45,-15.00,1.88,-1.74,-0.09,0.00
74815,-7.50,0.47,-12.50,2.34,-0.62,0.29,0.00
74825,-7.64,0.49,-13.75,1.71,-1.11,0.22,0.00
74835,-7.74,0.49,-10.00,0.05,-1.00,0.08,0.00
74845,-7.82,0.47,-8.75,-1.33,-1.65,-0.34,0.00
74855,-7.90,0.46,-7.50,-1.61,-0.91,0.29,0.00
74865,-7.98,0.44,-7.50,-1.87,-1.94,-0.59,0.00
74875,-8.05,0.42,-7.50,-1.85,-0.67,0.75,0.00
74885,-8.14,0.40,-8.75,-1.88,-3.04,-1.27,0.00
74895,-8.21,0.38,-7.50,-1.73,-1.58,-0.06,0.00
74905,-8.30,0.37,-8.75,-1.61,-1.19,0.62,0.00
74915,-8.40,0.36,-10.00,-1.10,-2.79,-0.83,0.00
74926,-8.49,0.35,-8.75,-0.54,-1.65,-0.11,0.00
74936,-8.59,0.35,-10.00,-0.40,-2.01,-0.23,0.00
74946,-8.68,0.35,-8.75,0.00,-1.69,-0.29,0.00
74956,-8.77,0.35,-10.00,0.40,-1.76,-0.23,0.00
74967,-8.88,0.36,-10.00,0.49,-0.38,1.12,0.00
74976,-8.95,0.36,-7.50,0.58,-0.91,0.02,0.00
74986,-9.02,0.36,-7.50,-0.07,0.08,1.22,0.00
74997,-9.07,0.35,-5.00,-1.57,-0.96,0.20,0.00
75006,-9.10,0.32,-2.50,-2.53,-1.53,-0.50,0.00
75016,-9.13,0.28,-2.50,-3.86,-1.17,0.43,0.00
75026,-9.14,0.24,-1.25,-4.28,-1.87,-0.26,0.00
75036,-9.14,0.19,0.00,-4.61,-3.16,-1.53,0.00
75046,-9.14,0.14,0.00,-4.99,-1.70,0.22,0.00
75056,-9.14,0.09,0.00,-4.90,-2.27,-0.21,0.00
75066,-9.14,0.05,0.00,-4.85,-2.08,0.14,0.00
75076,-9.14,0.00,0.00,-4.56,-2.26,0.02,0.00
75086,-9.14,-0.05,0.00,-4.63,-2.16,0.31,0.00
75097,-9.14,-0.09,0.00,-4.68,-2.08,0.56,0.00
75107,-9.14,-0.14,0.00,-4.76,-3.44,-0.61,0.00
75117,-9.14,-0.19,0.00,-4.85,-3.00,0.03,0.00
75127,-9.14,-0.24,0.00,-4.96,-3.96,-0.71,0.00
75138,-9.14,-0.29,0.00,-5.22,-3.21,0.30,0.00
75147,-9.14,-0.34,0.00,-5.38,-4.79,-1.04,0.00
75159,-9.21,-0.40,-7.50,-5.53,-4.94,0.63,0.00
75167,-9.31,-0.45,-10.00,-4.69,-4.75,1.26,0.00
75177,-9.45,-0.46,-13.75,-1.19,-6.44,-0.72,0.00
75187,-9.57,-0.44,-12.50,1.76,-4.57,-0.10,0.00
75198,-9.76,-0.41,-18.75,2.88,-5.90,-0.56,0.00
75207,-9.96,-0.37,-20.00,4.52,-4.95,-0.01,0.00
75217,-10.20,-0.32,-23.75,5.20,-5.91,-0.57,0.00
75227,-10.43,-0.25,-22.50,6.09,-4.64,-0.04,0.00
75237,-10.69,-0.19,-26.25,6.72,-5.53,-0.55,0.00
75247,-10.96,-0.12,-27.50,7.16,-3.69,1.18,0.00
75257,-11.24,-0.04,-27.50,7.35,-4.86,-0.28,0.00
75267,-11.49,0.04,-25.00,7.77,-4.09,-0.41,0.00
75277,-11.76,0.11,-27.50,7.49,-3.69,0.36,0.00
75287,-12.02,0.18,-26.25,7.16,-3.12,0.55,0.00
75297,-12.29,0.25,-26.25,7.03,-2.86,0.63,0.00
75308,-12.52,0.32,-23.75,6.91,-2.11,0.67,0.00
75318,-12.74,0.39,-21.25,6.49,-2.51,-0.33,0.00
75327,-12.93,0.44,-18.75,5.39,-1.31,0.52,0.00
75337,-13.13,0.48,-20.00,4.45,-2.26,0.00,0.00
75347,-13.29,0.51,-16.25,3.00,-1.52,0.33,0.00
75357,-13.44,0.53,-15.00,1.76,-1.66,0.27,0.00
75367,-13.59,0.55,-15.00,1.38,-2.01,0.01,0.00
75377,-13.73,0.56,-13.75,1.03,-2.04,-0.19,0.00
75387,-13.85,0.56,-12.50,0.63,-1.43,0.27,0.00
75398,-13.96,0.57,-11.25,0.72,-2.26,-0.86,0.00
75407,-14.07,0.57,-11.25,0.42,-1.56,-0.07,0.00
75417,-14.20,0.58,-12.50,0.51,-2.22,-0.50,0.00
75427,-14.31,0.59,-11.25,0.82,-0.40,0.93,0.00
75439,-14.43,0.60,-11.25,1.05,-0.22,1.02,0.00
75448,-14.50,0.61,-7.50,1.03,0.97,1.39,0.00
75459,-14.55,0.61,-5.00,-0.21,-1.08,-0.77,0.00
75468,-14.56,0.58,-1.25,-2.32,-1.05,-0.77,0.00
75480,-14.57,0.54,-1.25,-4.17,-1.55,-0.54,0.00
75488,-14.57,0.50,0.00,-4.00,-0.85,-0.01,0.00
75498,-14.57,0.47,0.00,-3.44,-1.52,-0.74,0.00
75508,-14.57,0.44,0.00,-3.12,-0.52,0.26,0.00
75518,-14.57,0.41,0.00,-2.93,-1.36,-0.53,0.00
75528,-14.57,0.38,0.00,-2.65,-1.33,-0.49,0.00
75538,-14.57,0.35,0.00,-2.53,-1.04,-0.15,0.00
75548,-14.57,0.33,0.00,-2.41,-0.25,0.68,0.00
75558,-14.57,0.31,0.00,-2.27,-1.76,-0.80,0.00
75568,-14.57,0.29,0.00,-2.16,-0.82,0.18,0.00
75578,-14.57,0.26,0.00,-2.15,-0.74,0.33,0.00
75588,-14.57,0.24,0.00,-2.09,-1.62,-0.49,0.00
75598,-14.57,0.22,0.00,-1.88,-1.14,-0.01,0.00
75609,-14.57,0.21,0.00,-1.82,-1.27,-0.10,0.00
75619,-14.60,0.19,-2.50,-1.61,-2.28,-0.59,0.00
75629,-14.63,0.18,-2.50,-0.98,-1.60,-0.08,0.00
75639,-14.68,0.18,-5.00,0.09,-0.64,1.06,0.00
75650,-14.74,0.19,-6.25,0.84,-1.01,0.70,0.00
75659,-14.76,0.20,-2.50,1.45,-1.73,-1.06,0.00
75669,-14.81,0.21,-5.00,0.65,-1.20,0.24,0.00
75680,-14.86,0.21,-5.00,0.33,-1.63,-0.09,0.00
75689,-14.91,0.23,-5.00,1.19,-1.09,0.13,0.00
75699,-14.98,0.24,-6.25,1.20,-1.29,0.16,0.00
75709,-15.02,0.26,-5.00,1.73,-0.60,0.35,0.00
75719,-15.07,0.27,-5.00,1.41,-1.42,-0.41,0.00
75729,-15.13,0.28,-5.00,1.29,-0.75,0.26,0.00
75739,-15.16,0.29,-3.75,1.03,-0.99,-0.20,0.00
75749,-15.21,0.31,-5.00,1.45,-1.19,-0.31,0.00
75759,-15.25,0.32,-3.75,1.50,-0.74,-0.19,0.00
75769,-15.30,0.34,-5.00,1.29,-0.96,-0.12,0.00
75779,-15.32,0.35,-2.50,1.61,0.58,0.74,0.00
75789,-15.36,0.37,-3.75,1.40,-0.27,0.18,0.00
75799,-15.38,0.37,-1.25,0.96,-0.22,-0.19,0.00
75809,-15.38,0.38,0.00,0.24,0.75,0.74,0.00
75820,-15.38,0.38,0.00,-0.16,-0.41,-0.29,0.00
75829,-15.38,0.37,0.00,-0.12,0.29,0.41,0.00
75840,-15.38,0.37,0.00,-0.14,-0.39,-0.27,0.00
75849,-15.38,0.37,0.00,0.07,-0.52,-0.46,0.00
75860,-15.38,0.37,0.00,0.09,-1.08,-1.04,0.00
75869,-15.38,0.38,0.00,0.16,0.57,0.59,0.00
75879,-15.38,0.38,0.00,0.87,1.20,0.96,0.00
75889,-15.38,0.39,0.00,0.84,0.60,0.34,0.00
75899,-15.35,0.40,2.50,1.03,1.11,0.22,0.00
75909,-15.34,0.41,1.25,1.06,1.22,0.55,0.00
75919,-15.34,0.42,0.00,0.91,-0.34,-0.74,0.00
75929,-15.32,0.43,1.25,0.58,0.89,0.32,0.00
75939,-15.32,0.44,0.00,0.98,0.87,0.40,0.00
75950,-15.30,0.45,2.50,1.27,0.91,-0.23,0.00
75961,-15.30,0.46,0.00,1.13,0.66,0.06,0.00
75970,-15.29,0.48,1.25,1.34,0.96,-0.03,0.00
75980,-15.29,0.49,0.00,1.48,0.47,-0.35,0.00
75991,-15.26,0.51,2.50,1.92,1.76,0.21,0.00
76000,-15.26,0.53,0.00,2.15,1.00,-0.18,0.00
76010,-15.25,0.55,1.25,2.18,1.59,0.07,0.00
76020,-15.23,0.57,2.50,2.01,1.64,-0.17,0.00
76030,-15.19,0.59,3.75,1.85,2.47,0.39,0.00
76041,-15.16,0.61,2.50,1.50,2.14,0.37,0.00
76050,-15.10,0.62,6.25,1.38,2.55,-0.01,0.00
76060,-15.05,0.63,5.00,0.65,2.83,0.73,0.00
76070,-14.98,0.63,7.50,0.28,2.34,-0.18,0.00
76080,-14.90,0.63,7.50,-0.28,2.32,-0.02,0.00
76090,-14.81,0.62,8.75,-0.63,2.41,-0.07,0.00
76100,-14.71,0.62,10.00,-0.61,2.26,-0.47,0.00
76110,-14.63,0.61,8.75,-0.61,2.32,-0.14,0.00
76122,-14.52,0.60,10.00,-0.52,2.00,-0.74,0.00
76131,-14.43,0.60,10.00,-0.23,1.92,-0.92,0.00
76141,-14.32,0.60,10.00,0.19,3.94,0.95,0.00
76151,-14.24,0.61,8.75,0.63,2.82,-0.08,0.00
76163,-14.11,0.61,12.50,0.26,3.95,0.37,0.00
76171,-14.00,0.61,11.25,-0.33,2.81,-0.32,0.00
76181,-13.85,0.60,15.00,-0.66,3.38,-0.42,0.00
76191,-13.71,0.59,13.75,-1.17,3.17,-0.17,0.00
76201,-13.56,0.58,15.00,-0.89,3.21,-0.47,0.00
76211,-13.43,0.57,13.75,-1.22,4.32,1.03,0.00
76221,-13.26,0.56,16.25,-1.20,4.37,0.59,0.00
76231,-13.07,0.54,18.75,-1.47,3.39,-0.80,0.00
76241,-12.89,0.52,18.75,-2.39,4.36,0.53,0.00
76251,-12.71,0.49,17.50,-2.51,3.33,-0.13,0.00
76261,-12.51,0.47,20.00,-2.57,4.88,0.99,0.00
76271,-12.31,0.44,20.00,-2.91,4.02,0.32,0.00
76281,-12.10,0.41,21.25,-2.69,3.61,-0.35,0.00
76291,-11.90,0.38,20.00,-3.68,3.92,0.65,0.00
76301,-11.68,0.34,22.50,-3.30,3.83,0.01,0.00
76311,-11.45,0.31,22.50,-3.23,3.30,-0.45,0.00
76321,-11.24,0.28,21.25,-3.39,2.43,-0.90,0.00
76332,-11.02,0.24,21.25,-3.23,3.94,0.65,0.00
76341,-10.85,0.21,17.50,-3.16,1.83,-0.60,0.00
76351,-10.65,0.18,20.00,-2.95,2.77,-0.17,0.00
76361,-10.46,0.16,18.75,-2.27,3.05,0.22,0.00
76371,-10.29,0.15,17.50,-0.87,2.77,-0.23,0.00
76381,-10.13,0.15,16.25,-0.61,2.87,0.05,0.00
76391,-9.95,0.14,17.50,-0.65,3.84,0.78,0.00
76401,-9.77,0.13,17.50,-0.79,3.11,0.11,0.00
76411,-9.59,0.12,18.75,-0.70,3.58,0.30,0.00
76421,-9.41,0.11,17.50,-0.98,2.30,-0.62,0.00
76431,-9.23,0.10,18.75,-1.31,3.09,0.05,0.00
76441,-9.05,0.08,17.50,-1.99,2.13,-0.38,0.00
76451,-8.88,0.06,17.50,-1.87,2.90,0.40,0.00
76462,-8.70,0.05,17.50,-1.10,3.26,0.54,0.00
76472,-8.54,0.05,16.25,-0.26,2.20,-0.53,0.00
76482,-8.36,0.05,17.50,-0.16,3.59,0.56,0.00
76492,-8.19,0.05,17.50,-0.23,3.31,0.28,0.00
76503,-8.02,0.04,16.25,-0.80,3.74,1.18,0.00
76512,-7.88,0.02,15.00,-1.69,2.07,0.10,0.00
76523,-7.69,-0.00,18.75,-2.09,2.70,0.13,0.00
76532,-7.51,-0.03,17.50,-2.50,2.77,0.66,0.00
76544,-7.35,-0.05,16.25,-2.02,2.61,0.67,0.00
76552,-7.20,-0.06,15.00,-1.15,2.92,0.99,0.00
76562,-7.03,-0.07,17.50,-1.31,3.12,0.74,0.00
76572,-6.86,-0.09,16.25,-1.47,2.33,0.30,0.00
76582,-6.69,-0.10,17.50,-1.76,1.88,-0.27,0.00
76592,-6.54,-0.12,15.00,-2.09,1.57,0.11,0.00
76602,-6.39,-0.14,15.00,-1.41,1.56,-0.08,0.00
76612,-6.25,-0.15,13.75,-0.79,1.41,-0.15,0.00
76622,-6.13,-0.15,12.50,-0.02,1.51,-0.05,0.00
76633,-6.03,-0.14,10.00,0.51,2.52,1.29,0.00
76643,-5.91,-0.13,11.25,1.03,1.29,-0.42,0.00
76653,-5.80,-0.12,11.25,0.61,1.14,-0.46,0.00
76664,-5.71,-0.12,8.75,0.19,0.84,-0.11,0.00
76674,-5.61,-0.12,10.00,0.63,1.53,0.14,0.00
76683,-5.54,-0.10,7.50,1.68,0.41,-0.86,0.00
76693,-5.48,-0.08,6.25,2.13,0.60,-0.62,0.00
76704,-5.43,-0.06,5.00,1.76,0.14,-0.78,0.00
76713,-5.38,-0.03,5.00,3.35,1.75,0.20,0.00
76723,-5.34,0.01,3.75,3.58,1.07,-0.42,0.00
76733,-5.29,0.05,5.00,3.91,1.92,-0.07,0.00
76743,-5.24,0.08,5.00,3.61,1.95,-0.08,0.00
76753,-5.18,0.11,6.25,2.84,2.91,0.76,0.00
76763,-5.11,0.13,6.25,1.75,1.54,-0.32,0.00
76773,-5.01,0.14,10.00,0.84,2.79,0.39,0.00
76784,-4.91,0.14,10.00,-0.02,2.40,0.26,0.00
76793,-4.80,0.14,11.25,-0.19,2.11,-0.23,0.00
76803,-4.70,0.13,10.00,-1.10,2.02,0.26,0.00
76813,-4.60,0.11,10.00,-1.45,1.86,0.25,0.00
76823,-4.48,0.10,12.50,-1.47,2.12,0.03,0.00
76833,-4.36,0.08,11.25,-1.50,0.96,-0.81,0.00
76844,-4.25,0.07,11.25,-1.12,1.52,-0.35,0.00
76853,-4.18,0.06,7.50,-0.99,0.94,-0.15,0.00
76863,-4.07,0.06,10.00,-0.03,2.31,0.38,0.00
76873,-4.00,0.07,7.50,0.63,0.95,-0.69,0.00
76883,-3.91,0.07,8.75,0.77,2.44,0.46,0.00
76893,-3.84,0.08,7.50,0.59,2.10,0.40,0.00
76904,-3.74,0.08,10.00,0.38,1.97,-0.20,0.00
76913,-3.64,0.08,10.00,0.10,1.77,-0.33,0.00
76923,-3.55,0.08,8.75,-0.79,1.42,-0.11,0.00
76933,-3.46,0.07,8.75,-1.12,1.53,0.13,0.00
76943,-3.36,0.05,10.00,-1.40,2.43,0.90,0.00
76953,-3.28,0.04,8.75,-0.82,0.51,-0.92,0.00
76963,-3.16,0.04,11.25,-0.59,2.29,0.27,0.00
76974,-3.10,0.03,6.25,-0.84,0.69,-0.17,0.00
76985,-3.00,0.03,10.00,-0.23,0.61,-1.24,0.00
76994,-2.93,0.02,7.50,-0.31,0.88,-0.42,0.00
77004,-2.88,0.03,5.00,0.99,1.24,0.01,0.00
77015,-2.83,0.05,5.00,1.38,0.34,-1.06,0.00
77024,-2.78,0.06,5.00,1.24,0.54,-0.86,0.00
77034,-2.74,0.08,3.75,1.55,0.49,-0.81,0.00
77044,-2.71,0.10,2.50,2.23,1.72,0.39,0.00
77054,-2.69,0.12,2.50,2.37,1.70,0.23,0.00
77064,-2.64,0.15,5.00,2.57,3.42,1.27,0.00
77074,-2.58,0.17,6.25,1.97,2.51,0.22,0.00
77084,-2.50,0.17,7.50,-0.12,1.43,-0.46,0.00
77094,-2.40,0.15,10.00,-1.94,1.86,0.09,0.00
77104,-2.33,0.12,7.50,-2.16,0.71,-0.40,0.00
77114,-2.23,0.10,10.00,-2.06,1.98,0.37,0.00
77124,-2.15,0.08,7.50,-2.02,0.94,-0.08,0.00
77134,-2.06,0.07,8.75,-1.45,1.63,0.20,0.00
77145,-1.99,0.06,7.50,-1.26,1.68,0.48,0.00
77155,-1.91,0.05,7.50,-1.03,2.22,0.98,0.00
77165,-1.81,0.03,10.00,-1.27,1.55,-0.09,0.00
77175,-1.71,0.02,10.00,-1.54,1.52,0.00,0.00
77187,-1.63,0.00,8.75,-1.76,0.64,-0.49,0.00
77195,-1.55,-0.02,7.50,-2.32,0.90,0.29,0.00
77205,-1.49,-0.05,6.25,-2.64,-0.66,-0.82,0.00
77215,-1.44,-0.07,5.00,-2.27,0.63,0.69,0.00
77225,-1.41,-0.07,2.50,-0.12,-0.98,-1.08,0.00
77235,-1.40,-0.06,1.25,1.43,1.33,0.94,0.00
77245,-1.40,-0.04,0.00,2.37,0.49,-0.02,0.00
77255,-1.40,-0.01,0.00,2.29,1.04,0.48,0.00
77265,-1.40,0.01,0.00,1.94,0.71,0.19,0.00
77275,-1.40,0.03,0.00,1.97,-0.09,-0.69,0.00
77286,-1.40,0.05,0.00,1.94,-0.78,-1.43,0.00
77295,-1.40,0.06,0.00,1.71,-0.07,-0.71,0.00
77305,-1.40,0.08,0.00,1.69,0.95,0.25,0.00
77315,-1.40,0.10,0.00,1.61,1.01,0.28,0.00
77325,-1.40,0.11,0.00,1.52,0.33,-0.42,0.00
77335,-1.40,0.13,0.00,1.55,1.93,1.12,0.00
77345,-1.40,0.14,0.00,1.50,0.14,-0.71,0.00
77356,-1.40,0.16,0.00,1.48,1.05,0.15,0.00
77365,-1.40,0.17,0.00,1.50,1.16,0.20,0.00
77375,-1.39,0.18,1.25,1.03,1.33,0.22,0.00
77385,-1.36,0.19,2.50,0.94,1.11,-0.27,0.00
77395,-1.34,0.20,2.50,0.61,1.46,0.17,0.00
77405,-1.31,0.19,2.50,-0.31,1.21,0.22,0.00
77415,-1.29,0.18,2.50,-1.05,0.54,-0.18,0.00
77426,-1.26,0.18,2.50,-0.75,0.41,-0.38,0.00
77435,-1.26,0.19,0.00,1.52,0.46,-0.58,0.00
77445,-1.26,0.23,0.00,3.37,1.75,-0.00,0.00
77455,-1.27,0.27,-1.25,4.47,2.05,0.05,0.00
77466,-1.25,0.33,2.50,6.32,3.60,0.00,0.00
77475,-1.20,0.42,5.00,8.38,4.84,-0.24,0.00
77486,-1.10,0.51,10.00,9.62,7.50,0.63,0.00
77496,-0.94,0.62,16.25,10.25,8.84,0.08,0.00
77506,-0.73,0.72,21.25,10.91,10.58,0.15,0.00
77516,-0.46,0.85,26.25,12.22,12.97,0.63,0.00
77528,-0.20,0.98,26.25,13.09,12.15,-0.96,0.00
77536,0.09,1.11,28.75,13.06,13.70,-0.40,0.00
77546,0.40,1.23,31.25,12.48,14.29,-0.61,0.00
77556,0.73,1.35,32.50,11.85,15.07,-0.34,0.00
77566,1.06,1.46,33.75,10.86,15.84,0.08,0.00
77576,1.37,1.56,31.25,10.05,14.47,-0.89,0.00
77586,1.74,1.65,36.25,9.15,16.54,0.06,0.00
77596,2.09,1.72,35.00,7.26,16.17,0.27,0.00
