10905,0.00,0.04,0.00,-0.54,-0.42,0.00,0.00
10915,0.00,0.04,0.00,-0.51,-0.43,0.00,0.00
10926,0.00,0.03,0.00,-0.47,-0.43,0.00,0.00
10936,0.00,0.03,0.00,-0.49,-0.46,0.00,0.00
10946,0.00,0.02,0.00,-0.51,-0.48,0.00,0.00
10956,0.00,0.02,0.00,-0.51,-0.50,0.00,0.00
10967,0.00,0.01,0.00,-0.54,-0.53,0.00,0.00
10976,0.00,0.01,0.00,-0.54,-0.55,0.00,0.00
10986,0.00,0.00,0.00,-0.54,-0.56,0.00,0.00
10996,0.00,-0.00,0.00,-0.54,-0.58,0.00,0.00
11006,0.00,-0.01,0.00,-0.49,-0.58,0.00,0.00
11016,0.00,-0.01,0.00,-0.47,-0.59,0.00,0.00
11026,0.00,-0.02,0.00,-0.38,-0.58,0.00,0.00
11036,0.00,-0.02,0.00,-0.28,-0.56,0.00,0.00
11046,0.00,-0.02,0.00,-0.19,-0.54,0.00,0.00
11056,0.00,-0.02,0.00,-0.14,-0.52,0.00,0.00
11066,0.00,-0.02,0.00,-0.16,-0.53,0.00,0.00
11076,0.00,-0.03,0.00,-0.16,-0.54,0.00,0.00
11086,0.00,-0.03,0.00,-0.24,-0.58,0.00,0.00
11097,0.00,-0.03,0.00,-0.35,-0.62,0.00,0.00
11107,0.00,-0.04,0.00,-0.45,-0.67,0.00,0.00
11117,0.00,-0.04,0.00,-0.58,-0.73,0.00,0.00
11127,0.00,-0.05,0.00,-0.68,-0.79,0.00,0.00
11138,0.00,-0.06,0.00,-0.79,-0.85,0.00,0.00
11147,0.00,-0.06,0.00,-0.84,-0.90,0.00,0.00
11157,0.00,-0.07,0.00,-0.99,-0.98,0.00,0.00
11167,-0.01,-0.09,-1.25,-1.03,-1.29,0.00,0.00
11177,-0.01,-0.10,0.00,-1.19,-1.12,0.00,0.00
11187,-0.03,-0.11,-1.25,-1.17,-1.42,0.00,0.00
11197,-0.03,-0.12,0.00,-1.10,-1.17,0.00,0.00
11207,-0.04,-0.13,-1.25,-1.27,-1.54,0.00,0.00
11217,-0.05,-0.14,-1.25,-0.82,-1.42,0.00,0.00
11227,-0.08,-0.15,-2.50,-0.70,-1.67,0.00,0.00
11237,-0.10,-0.15,-2.50,0.12,-1.41,0.00,0.00
11247,-0.15,-0.14,-5.00,0.42,-1.83,0.00,0.00
11257,-0.17,-0.14,-2.50,0.70,-1.19,0.00,0.00
11267,-0.22,-0.13,-5.00,0.59,-1.73,0.00,0.00
11277,-0.26,-0.12,-3.75,0.66,-1.43,0.00,0.00
11287,-0.30,-0.12,-3.75,0.21,-1.57,0.00,0.00
11297,-0.34,-0.12,-3.75,0.49,-1.47,0.00,0.00
11308,-0.39,-0.11,-5.00,0.38,-1.75,0.00,0.00
11317,-0.43,-0.11,-3.75,0.59,-1.41,0.00,0.00
11327,-0.47,-0.10,-5.00,0.72,-1.61,0.00,0.00
11337,-0.52,-0.09,-5.00,0.65,-1.61,0.00,0.00
11347,-0.57,-0.09,-5.00,0.63,-1.60,0.00,0.00
11357,-0.61,-0.08,-3.75,0.54,-1.35,0.00,0.00
11367,-0.66,-0.08,-5.00,0.52,-1.61,0.00,0.00
11377,-0.71,-0.07,-5.00,0.14,-1.73,0.00,0.00
11387,-0.76,-0.07,-5.00,0.12,-1.73,0.00,0.00
11397,-0.80,-0.07,-3.75,0.19,-1.45,0.00,0.00
11407,-0.85,-0.07,-5.00,0.09,-1.74,0.00,0.00
11417,-0.90,-0.07,-5.00,0.16,-1.72,0.00,0.00
11427,-0.95,-0.07,-5.00,-0.26,-1.87,0.00,0.00
11438,-1.01,-0.07,-6.25,0.07,-2.03,0.00,0.00
11448,-1.08,-0.07,-6.25,-0.03,-2.07,0.00,0.00
11458,-1.15,-0.07,-7.50,0.05,-2.31,0.00,0.00
11468,-1.21,-0.07,-6.25,0.31,-1.96,0.00,0.00
11479,-1.30,-0.06,-8.75,0.45,-2.43,0.00,0.00
11488,-1.37,-0.06,-7.50,0.54,-2.13,0.00,0.00
11498,-1.45,-0.05,-7.50,0.45,-2.14,0.00,0.00
11508,-1.55,-0.05,-10.00,0.66,-2.59,0.00,0.00
11518,-1.64,-0.04,-8.75,0.58,-2.34,0.00,0.00
11528,-1.73,-0.03,-8.75,0.80,-2.25,0.00,0.00
11538,-1.83,-0.02,-10.00,0.94,-2.44,0.00,0.00
11548,-1.92,-0.02,-10.00,0.72,-2.50,0.00,0.00
11558,-2.03,-0.01,-10.00,0.86,-2.43,0.00,0.00
11568,-2.13,0.00,-10.00,0.84,-2.42,0.00,0.00
11578,-2.24,0.01,-11.25,0.96,-2.62,0.00,0.00
11588,-2.35,0.02,-11.25,0.86,-2.63,0.00,0.00
11598,-2.46,0.03,-11.25,0.86,-2.61,0.00,0.00
11609,-2.59,0.04,-12.50,0.94,-2.82,0.00,0.00
11619,-2.71,0.05,-12.50,1.03,-2.77,0.00,0.00
11629,-2.85,0.06,-13.75,1.13,-2.97,0.00,0.00
11639,-2.98,0.07,-12.50,1.33,-2.61,0.00,0.00
11650,-3.10,0.09,-12.50,1.47,-2.53,0.00,0.00
11659,-3.23,0.10,-12.50,1.52,-2.47,0.00,0.00
11669,-3.36,0.11,-13.75,1.26,-2.79,0.00,0.00
11679,-3.50,0.13,-13.75,1.06,-2.82,0.00,0.00
11689,-3.64,0.14,-13.75,1.08,-2.79,0.00,0.00
11699,-3.76,0.15,-12.50,1.38,-2.40,0.00,0.00
11709,-3.91,0.17,-15.00,1.52,-2.84,0.00,0.00
11719,-4.04,0.18,-12.50,1.38,-2.32,0.00,0.00
11729,-4.18,0.19,-13.75,1.38,-2.55,0.00,0.00
11739,-4.30,0.20,-12.50,1.17,-2.32,0.00,0.00
11749,-4.44,0.21,-13.75,0.87,-2.66,0.00,0.00
11759,-4.57,0.22,-13.75,0.73,-2.69,0.00,0.00
11769,-4.71,0.23,-13.75,0.73,-2.68,0.00,0.00
11779,-4.84,0.24,-12.50,0.87,-2.35,0.00,0.00
11789,-4.96,0.25,-12.50,0.91,-2.32,0.00,0.00
11799,-5.10,0.26,-13.75,1.03,-2.52,0.00,0.00
11809,-5.24,0.26,-13.75,0.84,-2.57,0.00,0.00
11820,-5.36,0.27,-12.50,0.68,-2.34,0.00,0.00
11829,-5.49,0.28,-12.50,0.80,-2.28,0.00,0.00
11839,-5.63,0.29,-13.75,0.77,-2.54,0.00,0.00
11849,-5.76,0.29,-13.75,0.51,-2.62,0.00,0.00
11859,-5.89,0.30,-12.50,0.42,-2.38,0.00,0.00
11869,-6.01,0.30,-12.50,0.58,-2.33,0.00,0.00
11879,-6.14,0.31,-12.50,0.94,-2.19,0.00,0.00
11889,-6.26,0.32,-12.50,0.75,-2.23,0.00,0.00
11899,-6.40,0.33,-13.75,0.73,-2.49,0.00,0.00
11909,-6.51,0.33,-11.25,0.65,-1.98,0.00,0.00
11919,-6.64,0.34,-12.50,0.72,-2.20,0.00,0.00
11929,-6.76,0.34,-12.50,0.49,-2.27,0.00,0.00
11939,-6.89,0.35,-12.50,0.28,-2.34,0.00,0.00
11950,-7.01,0.35,-12.50,0.26,-2.35,0.00,0.00
11960,-7.14,0.35,-12.50,0.30,-2.34,0.00,0.00
11970,-7.26,0.36,-12.50,0.61,-2.23,0.00,0.00
11980,-7.39,0.37,-12.50,0.89,-2.12,0.00,0.00
11991,-7.51,0.38,-12.50,0.77,-2.14,0.00,0.00
12000,-7.63,0.38,-11.25,0.45,-1.97,0.00,0.00
12010,-7.75,0.39,-12.50,0.58,-2.19,0.00,0.00
12020,-7.86,0.39,-11.25,0.37,-1.99,0.00,0.00
12030,-7.99,0.39,-12.50,0.42,-2.23,0.00,0.00
12040,-8.09,0.40,-10.00,0.51,-1.67,0.00,0.00
12050,-8.21,0.40,-12.50,0.47,-2.20,0.00,0.00
12060,-8.31,0.41,-10.00,0.42,-1.69,0.00,0.00
12070,-8.43,0.41,-11.25,0.35,-1.97,0.00,0.00
12080,-8.52,0.41,-10.00,0.28,-1.73,0.00,0.00
12090,-8.64,0.41,-11.25,0.05,-2.07,0.00,0.00
12100,-8.74,0.41,-10.00,-0.26,-1.93,0.00,0.00
12110,-8.84,0.41,-10.00,0.02,-1.85,0.00,0.00
12121,-8.95,0.41,-11.25,0.12,-2.08,0.00,0.00
12131,-9.05,0.42,-10.00,0.16,-1.81,0.00,0.00
12141,-9.15,0.42,-10.00,0.10,-1.83,0.00,0.00
12151,-9.26,0.42,-11.25,0.37,-2.01,0.00,0.00
12162,-9.36,0.42,-10.00,0.26,-1.78,0.00,0.00
12171,-9.46,0.42,-10.00,0.21,-1.80,0.00,0.00
12181,-9.56,0.43,-10.00,0.28,-1.78,0.00,0.00
12191,-9.66,0.43,-10.00,0.23,-1.79,0.00,0.00
12201,-9.76,0.43,-10.00,0.17,-1.81,0.00,0.00
12211,-9.84,0.43,-7.50,0.07,-1.33,0.00,0.00
12221,-9.94,0.43,-10.00,0.02,-1.88,0.00,0.00
12231,-10.02,0.43,-8.75,0.00,-1.63,0.00,0.00
12241,-10.11,0.43,-8.75,-0.05,-1.65,0.00,0.00
12251,-10.19,0.43,-7.50,-0.03,-1.39,0.00,0.00
12261,-10.29,0.43,-10.00,-0.02,-1.92,0.00,0.00
12271,-10.36,0.43,-7.50,0.00,-1.40,0.00,0.00
12281,-10.46,0.43,-10.00,0.03,-1.92,0.00,0.00
12291,-10.54,0.43,-7.50,0.16,-1.36,0.00,0.00
12301,-10.61,0.43,-7.50,0.16,-1.36,0.00,0.00
12311,-10.70,0.44,-8.75,0.23,-1.60,0.00,0.00
12321,-10.77,0.44,-7.50,0.02,-1.41,0.00,0.00
12332,-10.85,0.44,-7.50,-0.05,-1.44,0.00,0.00
12341,-10.93,0.44,-7.50,0.09,-1.40,0.00,0.00
12351,-11.01,0.44,-8.75,0.05,-1.68,0.00,0.00
12361,-11.09,0.44,-7.50,0.14,-1.39,0.00,0.00
12371,-11.16,0.44,-7.50,0.17,-1.38,0.00,0.00
12381,-11.24,0.45,-7.50,0.40,-1.30,0.00,0.00
12391,-11.31,0.45,-7.50,0.44,-1.28,0.00,0.00
12401,-11.38,0.45,-6.25,0.37,-1.03,0.00,0.00
12411,-11.45,0.46,-7.50,0.23,-1.34,0.00,0.00
12421,-11.51,0.46,-6.25,0.24,-1.07,0.00,0.00
12431,-11.57,0.46,-6.25,-0.16,-1.21,0.00,0.00
12441,-11.64,0.46,-6.25,-0.03,-1.18,0.00,0.00
12451,-11.69,0.45,-5.00,-0.30,-1.01,0.00,0.00
12462,-11.75,0.45,-6.25,-0.19,-1.25,0.00,0.00
12472,-11.81,0.45,-6.25,-0.09,-1.23,0.00,0.00
12482,-11.86,0.45,-5.00,-0.26,-1.04,0.00,0.00
12492,-11.93,0.44,-6.25,-0.33,-1.34,0.00,0.00
12503,-11.99,0.44,-6.25,-0.21,-1.31,0.00,0.00
12512,-12.02,0.44,-3.75,0.02,-0.72,0.00,0.00
12522,-12.09,0.44,-6.25,0.24,-1.17,0.00,0.00
12532,-12.14,0.45,-5.00,0.21,-0.91,0.00,0.00
12542,-12.19,0.45,-5.00,-0.16,-1.04,0.00,0.00
12552,-12.23,0.44,-3.75,-0.16,-0.79,0.00,0.00
12562,-12.27,0.44,-5.00,-0.14,-1.05,0.00,0.00
12572,-12.31,0.44,-3.75,-0.33,-0.87,0.00,0.00
12582,-12.36,0.44,-5.00,-0.37,-1.16,0.00,0.00
12592,-12.40,0.43,-3.75,-0.07,-0.80,0.00,0.00
12602,-12.44,0.43,-3.75,-0.14,-0.84,0.00,0.00
12612,-12.48,0.43,-3.75,0.03,-0.78,0.00,0.00
12622,-12.51,0.43,-3.75,-0.24,-0.88,0.00,0.00
12633,-12.54,0.43,-2.50,-0.10,-0.58,0.00,0.00
12643,-12.56,0.43,-2.50,-0.10,-0.59,0.00,0.00
12653,-12.60,0.43,-3.75,-0.10,-0.86,0.00,0.00
12663,-12.63,0.43,-2.50,-0.23,-0.64,0.00,0.00
12674,-12.66,0.42,-3.75,-0.38,-0.97,0.00,0.00
12683,-12.69,0.42,-2.50,-0.30,-0.70,0.00,0.00
12693,-12.71,0.42,-2.50,-0.35,-0.73,0.00,0.00
12703,-12.74,0.42,-2.50,0.00,-0.62,0.00,0.00
12713,-12.77,0.42,-3.75,0.09,-0.85,0.00,0.00
12723,-12.80,0.42,-2.50,-0.02,-0.63,0.00,0.00
12733,-12.82,0.42,-2.50,-0.07,-0.65,0.00,0.00
12743,-12.85,0.42,-2.50,0.07,-0.60,0.00,0.00
12753,-12.88,0.42,-2.50,-0.05,-0.65,0.00,0.00
12763,-12.89,0.42,-1.25,0.05,0.45,0.00,0.00
12773,-12.91,0.42,-2.50,-0.02,-0.64,0.00,0.00
12783,-12.91,0.41,0.00,-0.21,0.62,0.00,0.00
12793,-12.91,0.41,0.00,-0.61,0.47,0.00,0.00
12803,-12.91,0.40,0.00,-1.03,-0.50,0.00,0.00
12813,-12.91,0.39,0.00,-1.08,-0.56,0.00,0.00
12823,-12.91,0.38,0.00,-0.96,-0.55,0.00,0.00
12833,-12.91,0.37,0.00,-1.05,-0.61,0.00,0.00
12844,-12.91,0.35,0.00,-1.22,-0.71,0.00,0.00
12853,-12.91,0.35,0.00,-0.79,-0.60,0.00,0.00
12863,-12.91,0.34,0.00,-0.44,-0.50,0.00,0.00
12873,-12.91,0.33,0.00,-0.72,-0.62,0.00,0.00
12883,-12.91,0.33,0.00,-0.61,-0.61,0.00,0.00
12893,-12.91,0.32,0.00,-0.58,-0.62,0.00,0.00
12903,-12.91,0.32,0.00,-0.47,-0.60,0.00,0.00
12913,-12.91,0.31,0.00,-0.51,-0.63,0.00,0.00
12923,-12.91,0.31,0.00,-0.51,-0.65,0.00,0.00
12933,-12.91,0.30,0.00,-0.37,-0.61,0.00,0.00
12943,-12.93,0.30,-1.25,-0.10,-0.80,0.00,0.00
12953,-12.94,0.30,-1.25,-0.09,-0.80,0.00,0.00
12963,-12.95,0.31,-1.25,0.45,-0.61,0.00,0.00
12974,-12.96,0.31,-1.25,0.61,-0.54,0.00,0.00
12984,-12.98,0.32,-1.25,0.63,-0.51,0.00,0.00
12994,-12.99,0.33,-1.25,0.59,-0.50,0.00,0.00
13004,-13.01,0.33,-2.50,0.33,-0.84,0.00,0.00
13015,-13.01,0.33,0.00,0.42,0.53,0.00,0.00
13024,-13.04,0.34,-2.50,0.58,-0.73,0.00,0.00
13034,-13.04,0.34,0.00,0.58,0.62,0.00,0.00
13044,-13.05,0.35,-1.25,0.10,-0.59,0.00,0.00
13054,-13.05,0.35,0.00,0.10,0.47,0.00,0.00
13064,-13.05,0.35,0.00,0.09,0.47,0.00,0.00
13074,-13.05,0.35,0.00,-0.03,0.43,0.00,0.00
13084,-13.05,0.35,0.00,0.00,0.44,0.00,0.00
13094,-13.05,0.35,0.00,0.07,0.47,0.00,0.00
13104,-13.05,0.35,0.00,0.12,0.49,0.00,0.00
13114,-13.05,0.35,0.00,0.12,0.49,0.00,0.00
13124,-13.05,0.35,0.00,0.21,0.53,0.00,0.00
13134,-13.05,0.35,0.00,0.21,0.53,0.00,0.00
13145,-13.05,0.36,0.00,0.23,0.55,0.00,0.00
13155,-13.05,0.36,0.00,0.30,0.58,0.00,0.00
13165,-13.05,0.36,0.00,0.31,0.60,0.00,0.00
13175,-13.05,0.37,0.00,0.35,0.62,0.00,0.00
13186,-13.05,0.37,0.00,0.33,0.63,0.00,0.00
13195,-13.05,0.37,0.00,0.33,0.64,0.00,0.00
13205,-13.04,0.38,1.25,0.37,0.92,0.00,0.00
13215,-13.04,0.38,0.00,0.38,0.68,0.00,0.00
13225,-13.02,0.38,1.25,0.38,0.96,0.00,0.00
13235,-13.02,0.39,0.00,0.33,0.69,0.00,0.00
13245,-13.00,0.39,2.50,0.09,1.14,0.00,0.00
13255,-13.00,0.39,0.00,0.16,0.65,0.00,0.00
13265,-12.99,0.39,1.25,0.05,0.88,0.00,0.00
13275,-12.98,0.39,1.25,-0.09,0.83,0.00,0.00
13285,-12.95,0.39,2.50,0.07,1.15,0.00,0.00
13295,-12.94,0.39,1.25,0.00,0.86,0.00,0.00
13305,-12.93,0.39,1.25,-0.24,0.78,0.00,0.00
13315,-12.90,0.38,2.50,-0.33,1.00,0.00,0.00
13325,-12.89,0.38,1.25,-0.21,0.77,0.00,0.00
13335,-12.86,0.38,2.50,-0.26,1.01,0.00,0.00
13345,-12.85,0.38,1.25,-0.19,0.77,0.00,0.00
13356,-12.82,0.38,2.50,-0.09,1.06,0.00,0.00
13365,-12.80,0.38,2.50,-0.12,1.05,0.00,0.00
13375,-12.77,0.38,2.50,0.02,1.10,0.00,0.00
13385,-12.75,0.38,2.50,-0.07,1.07,0.00,0.00
13395,-12.71,0.37,3.75,-0.12,1.31,0.00,0.00
13405,-12.69,0.37,2.50,-0.14,1.04,0.00,0.00
13415,-12.65,0.37,3.75,-0.19,1.29,0.00,0.00
13425,-12.63,0.37,2.50,-0.42,0.94,0.00,0.00
13435,-12.57,0.36,5.00,-0.51,1.42,0.00,0.00
13445,-12.55,0.36,2.50,-0.56,0.86,0.00,0.00
13455,-12.51,0.35,3.75,-0.38,1.17,0.00,0.00
13465,-12.49,0.35,2.50,-0.72,0.78,0.00,0.00
13475,-12.44,0.34,5.00,-0.45,1.38,0.00,0.00
13486,-12.41,0.34,2.50,-0.40,0.86,0.00,0.00
13496,-12.38,0.33,3.75,-0.16,1.20,0.00,0.00
13506,-12.34,0.33,3.75,-0.23,1.17,0.00,0.00
13516,-12.30,0.33,3.75,-0.23,1.16,0.00,0.00
13527,-12.26,0.33,3.75,-0.51,1.06,0.00,0.00
13536,-12.23,0.32,3.75,-0.45,1.06,0.00,0.00
13546,-12.19,0.32,3.75,-0.52,1.03,0.00,0.00
13556,-12.15,0.31,3.75,-0.28,1.10,0.00,0.00
13566,-12.11,0.31,3.75,-0.38,1.06,0.00,0.00
13576,-12.09,0.30,2.50,-0.51,0.74,0.00,0.00
13586,-12.04,0.30,5.00,-0.37,1.30,0.00,0.00
13596,-12.00,0.30,3.75,-0.21,1.08,0.00,0.00
13606,-11.96,0.30,3.75,-0.17,1.09,0.00,0.00
13616,-11.93,0.29,3.75,-0.44,1.00,0.00,0.00
13626,-11.89,0.29,3.75,-0.44,0.98,0.00,0.00
13636,-11.84,0.28,5.00,-0.45,1.23,0.00,0.00
13646,-11.81,0.28,2.50,-0.44,0.70,0.00,0.00
13657,-11.76,0.27,5.00,-0.45,1.21,0.00,0.00
13667,-11.73,0.27,3.75,-0.73,0.83,0.00,0.00
13677,-11.69,0.26,3.75,-0.77,0.80,0.00,0.00
13687,-11.65,0.25,3.75,-0.80,0.76,0.00,0.00
13698,-11.61,0.25,3.75,-0.59,0.81,0.00,0.00
13707,-11.59,0.25,2.50,0.12,0.78,0.00,0.00
13717,-11.55,0.25,3.75,0.10,1.05,0.00,0.00
13727,-11.51,0.25,3.75,0.02,1.02,0.00,0.00
13737,-11.49,0.24,2.50,-0.31,0.65,0.00,0.00
13747,-11.45,0.24,3.75,-0.31,0.90,0.00,0.00
13757,-11.43,0.24,2.50,-0.42,0.59,0.00,0.00
13767,-11.39,0.24,3.75,-0.05,0.97,0.00,0.00
13777,-11.36,0.24,2.50,-0.03,0.72,0.00,0.00
13787,-11.34,0.24,2.50,-0.07,0.71,0.00,0.00
13797,-11.31,0.23,2.50,-0.19,0.66,0.00,0.00
13807,-11.27,0.23,3.75,-0.19,0.92,0.00,0.00
13817,-11.25,0.23,2.50,0.10,0.76,0.00,0.00
13827,-11.23,0.23,2.50,0.02,0.74,0.00,0.00
13837,-11.19,0.23,3.75,-0.12,0.95,0.00,0.00
13847,-11.16,0.23,2.50,-0.09,0.70,0.00,0.00
13857,-11.14,0.23,2.50,-0.14,0.68,0.00,0.00
13868,-11.11,0.23,2.50,-0.28,0.63,0.00,0.00
13877,-11.09,0.22,2.50,-0.38,0.58,0.00,0.00
13887,-11.06,0.22,2.50,0.05,0.73,0.00,0.00
13897,-11.04,0.22,2.50,0.02,0.72,0.00,0.00
13907,-11.01,0.22,2.50,0.00,0.72,0.00,0.00
13917,-11.00,0.22,1.25,0.00,0.45,0.00,0.00
13927,-10.98,0.22,2.50,-0.09,0.69,0.00,0.00
13937,-10.96,0.22,1.25,0.03,0.47,0.00,0.00
13947,-10.94,0.22,2.50,0.19,0.79,0.00,0.00
13957,-10.93,0.23,1.25,0.03,0.48,0.00,0.00
13967,-10.91,0.23,1.25,0.09,0.50,0.00,0.00
13977,-10.89,0.23,2.50,0.00,0.74,0.00,0.00
13987,-10.88,0.23,1.25,0.21,0.55,0.00,0.00
13998,-10.86,0.23,1.25,0.23,0.56,0.00,0.00
14008,-10.84,0.23,2.50,0.09,0.79,0.00,0.00
14018,-10.82,0.23,1.25,0.00,0.50,0.00,0.00
14028,-10.81,0.23,1.25,-0.02,0.49,0.00,0.00
14039,-10.79,0.23,2.50,-0.12,0.72,0.00,0.00
14048,-10.77,0.23,1.25,0.09,0.53,0.00,0.00
14058,-10.76,0.23,1.25,0.17,0.56,0.00,0.00
14068,-10.75,0.23,1.25,-0.12,0.47,0.00,0.00
14078,-10.74,0.23,1.25,-0.10,0.47,0.00,0.00
14088,-10.73,0.23,1.25,0.16,0.56,0.00,0.00
14098,-10.71,0.23,1.25,0.16,0.57,0.00,0.00
14108,-10.70,0.23,1.25,0.09,0.55,0.00,0.00
14118,-10.69,0.23,1.25,0.03,0.53,0.00,0.00
14128,-10.68,0.24,1.25,0.03,0.54,0.00,0.00
14138,-10.66,0.24,1.25,0.00,0.53,0.00,0.00
14148,-10.66,0.23,0.00,-0.12,-0.58,0.00,0.00
14158,-10.65,0.23,1.25,0.00,0.52,0.00,0.00
14169,-10.65,0.24,0.00,0.45,0.42,0.00,0.00
14179,-10.65,0.25,0.00,0.70,0.52,0.00,0.00
14189,-10.65,0.25,0.00,0.65,0.53,0.00,0.00
14199,-10.65,0.26,0.00,0.58,0.53,0.00,0.00
14210,-10.65,0.26,0.00,0.47,0.51,0.00,0.00
14219,-10.65,0.27,0.00,0.37,0.49,0.00,0.00
14229,-10.65,0.27,0.00,0.26,0.47,0.00,0.00
14239,-10.65,0.27,0.00,0.17,0.44,0.00,0.00
14249,-10.65,0.27,0.00,0.35,0.51,0.00,0.00
14259,-10.65,0.28,0.00,0.65,0.63,0.00,0.00
14269,-10.65,0.29,0.00,0.54,0.61,0.00,0.00
14279,-10.65,0.29,0.00,0.42,0.59,0.00,0.00
14289,-10.65,0.29,0.00,0.30,0.56,0.00,0.00
14299,-10.65,0.29,0.00,0.19,0.53,0.00,0.00
14309,-10.65,0.30,0.00,0.17,0.54,0.00,0.00
14319,-10.64,0.30,1.25,0.38,0.88,0.00,0.00
14329,-10.64,0.30,0.00,0.03,0.51,0.00,0.00
14339,-10.64,0.30,0.00,0.05,0.51,0.00,0.00
14349,-10.63,0.30,1.25,0.07,0.79,0.00,0.00
14359,-10.63,0.30,0.00,-0.12,0.46,0.00,0.00
14369,-10.60,0.30,2.50,-0.24,0.94,0.00,0.00
14380,-10.60,0.29,0.00,-0.42,-0.46,0.00,0.00
14389,-10.59,0.29,1.25,-0.38,0.60,0.00,0.00
14399,-10.57,0.29,1.25,-0.21,0.65,0.00,0.00
14409,-10.56,0.29,1.25,0.19,0.79,0.00,0.00
14419,-10.56,0.29,0.00,0.21,0.54,0.00,0.00
14429,-10.54,0.29,2.50,-0.10,0.96,0.00,0.00
14439,-10.52,0.29,1.25,-0.24,0.65,0.00,0.00
14449,-10.51,0.29,1.25,-0.28,0.63,0.00,0.00
14459,-10.49,0.28,2.50,-0.79,0.70,0.00,0.00
14469,-10.49,0.27,0.00,-0.80,-0.66,0.00,0.00
14479,-10.46,0.26,2.50,-0.79,0.65,0.00,0.00
14489,-10.46,0.26,0.00,-0.38,-0.56,0.00,0.00
14499,-10.46,0.26,0.00,0.63,0.59,0.00,0.00
14510,-10.46,0.27,0.00,0.68,0.63,0.00,0.00
14520,-10.48,0.28,-1.25,0.61,-0.44,0.00,0.00
14530,-10.48,0.28,0.00,0.47,0.60,0.00,0.00
14540,-10.48,0.29,0.00,0.37,0.58,0.00,0.00
14551,-10.48,0.29,0.00,0.31,0.57,0.00,0.00
14560,-10.48,0.29,0.00,0.26,0.56,0.00,0.00
14570,-10.48,0.29,0.00,0.21,0.55,0.00,0.00
14580,-10.48,0.30,0.00,0.16,0.54,0.00,0.00
14590,-10.48,0.30,0.00,0.10,0.53,0.00,0.00
14600,-10.48,0.30,0.00,0.09,0.53,0.00,0.00
14610,-10.48,0.30,0.00,0.44,0.65,0.00,0.00
14620,-10.48,0.31,0.00,0.52,0.70,0.00,0.00
14630,-10.48,0.31,0.00,0.42,0.68,0.00,0.00
14640,-10.46,0.31,1.25,0.31,0.92,0.00,0.00
14650,-10.46,0.32,0.00,0.28,0.66,0.00,0.00
14660,-10.45,0.32,1.25,0.28,0.93,0.00,0.00
14670,-10.44,0.32,1.25,-0.33,0.72,0.00,0.00
14681,-10.41,0.31,2.50,-0.61,0.88,0.00,0.00
14691,-10.40,0.30,1.25,-0.84,0.52,0.00,0.00
14701,-10.38,0.29,2.50,-0.75,0.78,0.00,0.00
14711,-10.36,0.29,1.25,-0.70,0.51,0.00,0.00
14722,-10.34,0.28,2.50,-0.75,0.73,0.00,0.00
14731,-10.32,0.27,1.25,-0.84,0.42,0.00,0.00
14741,-10.31,0.27,1.25,-0.33,0.57,0.00,0.00
14751,-10.30,0.26,1.25,-0.44,0.52,0.00,0.00
14761,-10.29,0.26,1.25,-0.14,0.61,0.00,0.00
14771,-10.27,0.26,1.25,-0.21,0.58,0.00,0.00
14781,-10.27,0.26,0.00,-0.14,-0.46,0.00,0.00
14791,-10.26,0.26,1.25,-0.10,0.61,0.00,0.00
14801,-10.26,0.26,0.00,-0.09,-0.45,0.00,0.00
14811,-10.27,0.26,-1.25,0.59,-0.48,0.00,0.00
14821,-10.27,0.27,0.00,0.42,0.54,0.00,0.00
14831,-10.27,0.27,0.00,0.26,0.50,0.00,0.00
14841,-10.27,0.27,0.00,0.28,0.52,0.00,0.00
14851,-10.27,0.28,0.00,0.28,0.53,0.00,0.00
14861,-10.27,0.28,0.00,0.26,0.53,0.00,0.00
14871,-10.27,0.28,0.00,0.26,0.54,0.00,0.00
14881,-10.27,0.28,0.00,0.28,0.56,0.00,0.00
14892,-10.27,0.29,0.00,0.26,0.56,0.00,0.00
14901,-10.27,0.29,0.00,0.26,0.57,0.00,0.00
14911,-10.27,0.29,0.00,0.26,0.58,0.00,0.00
14921,-10.27,0.29,0.00,0.26,0.59,0.00,0.00
14931,-10.27,0.30,0.00,0.28,0.60,0.00,0.00
14941,-10.27,0.30,0.00,0.26,0.61,0.00,0.00
14951,-10.26,0.30,1.25,0.24,0.87,0.00,0.00
14961,-10.25,0.30,1.25,0.10,0.83,0.00,0.00
14971,-10.24,0.30,1.25,0.05,0.82,0.00,0.00
14981,-10.24,0.30,0.00,-0.12,0.50,0.00,0.00
14991,-10.21,0.30,2.50,-0.52,0.88,0.00,0.00
15001,-10.21,0.29,0.00,-0.59,-0.49,0.00,0.00
15011,-10.19,0.28,2.50,-0.66,0.79,0.00,0.00
15022,-10.19,0.28,0.00,-0.86,-0.63,0.00,0.00
15032,-10.18,0.28,1.25,0.19,0.78,0.00,0.00
15042,-10.18,0.28,0.00,0.24,0.54,0.00,0.00
15052,-10.18,0.28,0.00,0.23,0.55,0.00,0.00
15063,-10.16,0.28,1.25,-0.17,0.67,0.00,0.00
15072,-10.16,0.28,0.00,-0.31,-0.44,0.00,0.00
15082,-10.15,0.28,1.25,0.14,0.77,0.00,0.00
15092,-10.15,0.28,0.00,0.21,0.54,0.00,0.00
15102,-10.15,0.28,0.00,-0.19,0.40,0.00,0.00
15112,-10.14,0.28,1.25,0.07,0.75,0.00,0.00
15122,-10.14,0.28,0.00,0.21,0.54,0.00,0.00
15132,-10.14,0.28,0.00,0.12,0.52,0.00,0.00
15142,-10.14,0.28,0.00,0.10,0.52,0.00,0.00
15152,-10.13,0.28,1.25,0.05,0.76,0.00,0.00
15162,-10.13,0.28,0.00,0.00,0.48,0.00,0.00
15172,-10.13,0.29,0.00,0.10,0.52,0.00,0.00
15182,-10.13,0.29,0.00,0.10,0.53,0.00,0.00
15193,-10.13,0.29,0.00,0.05,0.51,0.00,0.00
15203,-10.11,0.29,1.25,0.00,0.76,0.00,0.00
15213,-10.11,0.29,0.00,0.09,0.53,0.00,0.00
15223,-10.10,0.29,1.25,0.09,0.79,0.00,0.00
15234,-10.10,0.29,0.00,0.03,0.51,0.00,0.00
15243,-10.09,0.29,1.25,0.19,0.84,0.00,0.00
15253,-10.07,0.29,1.25,-0.21,0.70,0.00,0.00
15263,-10.07,0.29,0.00,-0.02,0.50,0.00,0.00
15273,-10.06,0.29,1.25,-0.21,0.69,0.00,0.00
15283,-10.05,0.29,1.25,-0.14,0.71,0.00,0.00
15293,-10.05,0.29,0.00,0.21,0.57,0.00,0.00
15303,-10.02,0.29,2.50,0.00,1.03,0.00,0.00
15313,-10.02,0.29,0.00,-0.10,0.47,0.00,0.00
15323,-10.00,0.29,2.50,-0.12,0.98,0.00,0.00
15333,-10.00,0.28,0.00,-0.38,-0.44,0.00,0.00
15343,-9.98,0.28,2.50,-0.23,0.93,0.00,0.00
15353,-9.99,0.28,-1.25,-0.30,-0.69,0.00,0.00
15363,-9.99,0.28,0.00,0.66,0.70,0.00,0.00
15373,-9.99,0.29,0.00,0.82,0.78,0.00,0.00
15383,-9.99,0.30,0.00,0.65,0.75,0.00,0.00
15393,-9.99,0.30,0.00,0.52,0.73,0.00,0.00
15404,-9.99,0.31,0.00,0.52,0.75,0.00,0.00
15413,-9.99,0.31,0.00,0.44,0.73,0.00,0.00
15423,-9.99,0.32,0.00,0.33,0.71,0.00,0.00
15433,-9.99,0.32,0.00,0.31,0.72,0.00,0.00
15443,-9.99,0.32,0.00,0.33,0.73,0.00,0.00
15453,-9.99,0.33,0.00,0.30,0.73,0.00,0.00
15463,-9.99,0.33,0.00,0.26,0.73,0.00,0.00
15473,-9.99,0.33,0.00,0.54,0.84,0.00,0.00
15483,-9.99,0.34,0.00,0.52,0.85,0.00,0.00
15493,-9.99,0.34,0.00,0.47,0.85,0.00,0.00
15503,-9.99,0.35,0.00,0.52,0.89,0.00,0.00
15513,-9.98,0.35,1.25,0.23,1.06,0.00,0.00
15523,-9.95,0.35,2.50,0.07,1.28,0.00,0.00
15534,-9.93,0.35,2.50,-0.38,1.13,0.00,0.00
15544,-9.91,0.34,1.25,-0.82,0.70,0.00,0.00
15554,-9.89,0.33,2.50,-0.99,0.87,0.00,0.00
15564,-9.86,0.32,2.50,-0.99,0.84,0.00,0.00
15575,-9.82,0.31,3.75,-0.87,1.11,0.00,0.00
15584,-9.81,0.30,1.25,-1.01,0.51,0.00,0.00
15594,-9.77,0.29,3.75,-0.91,1.04,0.00,0.00
15604,-9.76,0.28,1.25,-0.84,0.51,0.00,0.00
15614,-9.73,0.28,3.75,-0.68,1.06,0.00,0.00
15624,-9.70,0.27,2.50,-0.54,0.83,0.00,0.00
15634,-9.69,0.26,1.25,-0.61,0.52,0.00,0.00
15644,-9.66,0.26,2.50,-0.86,0.68,0.00,0.00
15654,-9.65,0.25,1.25,-0.73,0.43,0.00,0.00
15664,-9.63,0.25,2.50,-0.26,0.84,0.00,0.00
15674,-9.63,0.24,0.00,-0.26,-0.50,0.00,0.00
15684,-9.60,0.24,2.50,-0.30,0.81,0.00,0.00
15694,-9.60,0.24,0.00,0.31,0.49,0.00,0.00
15705,-9.60,0.25,0.00,0.72,0.64,0.00,0.00
15715,-9.60,0.26,0.00,0.66,0.65,0.00,0.00
15725,-9.60,0.26,0.00,0.51,0.62,0.00,0.00
15735,-9.60,0.27,0.00,0.38,0.59,0.00,0.00
15746,-9.60,0.27,0.00,0.31,0.58,0.00,0.00
15755,-9.60,0.27,0.00,0.23,0.56,0.00,0.00
15765,-9.60,0.27,0.00,0.12,0.53,0.00,0.00
15775,-9.60,0.27,0.00,0.09,0.52,0.00,0.00
15785,-9.60,0.27,0.00,0.05,0.51,0.00,0.00
15795,-9.60,0.28,0.00,0.19,0.56,0.00,0.00
15805,-9.60,0.28,0.00,0.37,0.63,0.00,0.00
15815,-9.60,0.28,0.00,0.19,0.58,0.00,0.00
15825,-9.60,0.28,0.00,0.23,0.60,0.00,0.00
15835,-9.60,0.29,0.00,0.17,0.59,0.00,0.00
15845,-9.60,0.29,0.00,0.03,0.55,0.00,0.00
15855,-9.59,0.29,1.25,-0.10,0.76,0.00,0.00
15865,-9.57,0.28,1.25,-0.38,0.66,0.00,0.00
15875,-9.57,0.28,0.00,-0.31,0.41,0.00,0.00
15885,-9.57,0.28,0.00,-0.19,0.44,0.00,0.00
15895,-9.56,0.27,1.25,-0.58,0.79,0.22,0.00
15905,-9.56,0.27,0.00,-0.30,-1.11,-0.69,0.00
15916,-9.55,0.27,1.25,0.16,-0.43,-0.42,0.00
15925,-9.55,0.27,0.00,-0.09,-1.28,-0.93,0.00
15935,-9.55,0.27,0.00,-0.10,0.41,-0.03,0.00
15945,-9.55,0.27,0.00,-0.03,-0.49,-0.16,0.00
15956,-9.55,0.27,0.00,-0.14,0.99,0.56,0.00
15965,-9.55,0.27,0.00,-0.05,-0.41,-0.06,0.00
15976,-9.55,0.26,0.00,-0.35,0.86,0.52,0.00
15985,-9.55,0.26,0.00,-0.47,-0.71,-0.20,0.00
15995,-9.55,0.25,0.00,-0.35,0.63,0.32,0.00
16005,-9.55,0.25,0.00,-0.10,0.53,0.14,0.00
16015,-9.55,0.25,0.00,0.21,0.69,0.19,0.00
16025,-9.55,0.25,0.00,-0.14,-1.27,-0.85,0.00
16036,-9.55,0.25,0.00,-0.14,-1.60,-1.18,0.00
16046,-9.56,0.25,-1.25,-0.19,-1.06,-0.35,0.00
16056,-9.60,0.26,-3.75,0.72,-0.74,0.18,0.00
16066,-9.63,0.27,-2.50,1.13,-0.91,-0.43,0.00
16076,-9.65,0.28,-2.50,1.20,-0.83,-0.40,0.00
16087,-9.66,0.29,-1.25,0.87,0.45,-0.11,0.00
16097,-9.68,0.29,-1.25,0.58,0.52,0.04,0.00
16106,-9.69,0.30,-1.25,0.40,-1.14,-0.78,0.00
16116,-9.69,0.30,0.00,0.14,-0.82,-0.64,0.00
16126,-9.71,0.30,-2.50,0.12,-1.17,-0.46,0.00
16136,-9.73,0.30,-1.25,0.24,1.54,1.14,0.00
16146,-9.74,0.31,-1.25,0.35,-0.41,-0.06,0.00
16156,-9.71,0.31,2.50,0.14,0.81,-0.37,0.00
16166,-9.71,0.31,0.00,-0.23,0.70,0.17,0.00
16176,-9.70,0.30,1.25,-0.52,0.93,0.26,0.00
16186,-9.70,0.29,0.00,-0.86,-0.64,-0.12,0.00
16197,-9.69,0.28,1.25,-0.91,0.97,0.48,0.00
16206,-9.68,0.27,1.25,-0.98,0.58,0.14,0.00
16217,-9.68,0.26,0.00,-1.19,-0.48,0.25,0.00
16227,-9.66,0.25,1.25,-1.41,-1.25,-0.65,0.00
16238,-9.66,0.23,0.00,-1.40,-1.50,-0.60,0.00
16247,-9.66,0.23,0.00,-0.42,-0.45,0.15,0.00
16258,-9.66,0.23,0.00,-0.38,-1.14,-0.54,0.00
16267,-9.66,0.22,0.00,-0.65,-0.83,-0.12,0.00
16277,-9.66,0.21,0.00,-0.70,-1.22,-0.47,0.00
16287,-9.66,0.20,0.00,-0.79,0.41,0.42,0.00
16297,-9.66,0.20,0.00,-0.86,-1.43,-0.57,0.00
16307,-9.66,0.19,0.00,-0.73,-1.70,-0.85,0.00
16317,-9.68,0.18,-1.25,-0.70,-0.43,0.69,0.00
16327,-9.69,0.19,-1.25,0.63,-0.65,0.03,0.00
16337,-9.71,0.19,-2.50,0.63,-1.08,-0.16,0.00
16347,-9.73,0.20,-1.25,0.16,-1.14,-0.34,0.00
16357,-9.74,0.19,-1.25,-0.35,-1.24,-0.26,0.00
16367,-9.77,0.18,-3.75,-0.75,-2.09,-0.43,0.00
16377,-9.80,0.19,-2.50,0.37,-1.05,-0.02,0.00
16387,-9.84,0.19,-3.75,0.58,-1.04,0.17,0.00
16397,-9.86,0.21,-2.50,1.45,-1.15,-0.53,0.00
16407,-9.90,0.22,-3.75,0.91,0.85,1.07,0.00
16417,-9.93,0.22,-2.50,0.40,-0.70,0.21,0.00
16428,-9.94,0.22,-1.25,-0.07,-0.81,-0.01,0.00
16437,-9.95,0.22,-1.25,-0.54,-1.20,-0.23,0.00
16447,-9.96,0.21,-1.25,-0.75,-1.04,0.03,0.00
16457,-9.98,0.20,-1.25,-0.91,-2.10,-0.94,0.00
16467,-9.99,0.20,-1.25,-0.03,-0.61,0.27,0.00
16477,-10.02,0.20,-3.75,-0.10,-1.87,-0.44,0.00
16487,-10.05,0.21,-2.50,0.84,-0.81,0.03,0.00
16497,-10.07,0.21,-2.50,0.42,-1.40,-0.43,0.00
16507,-10.11,0.22,-3.75,0.65,-1.94,-0.81,0.00
16517,-10.15,0.22,-3.75,0.37,-1.92,-0.71,0.00
16527,-10.20,0.23,-5.00,1.12,-0.82,0.38,0.00
16537,-10.26,0.25,-6.25,1.66,-1.89,-0.65,0.00
16547,-10.31,0.26,-5.00,1.59,-1.48,-0.53,0.00
16558,-10.36,0.28,-5.00,1.40,0.47,0.63,0.00
16568,-10.41,0.30,-5.00,1.73,-1.18,-0.38,0.00
16578,-10.43,0.31,-1.25,1.76,1.57,0.71,0.00
16588,-10.44,0.32,-1.25,0.77,-1.23,-0.99,0.00
16599,-10.43,0.31,1.25,-1.26,-0.46,-0.06,0.00
16608,-10.43,0.28,0.00,-2.51,-1.58,-0.43,0.00
16618,-10.43,0.26,0.00,-2.48,-0.75,0.48,0.00
16628,-10.43,0.24,0.00,-1.80,-0.92,0.16,0.00
16638,-10.43,0.23,0.00,-1.05,0.66,0.73,0.00
16648,-10.43,0.22,0.00,-1.10,-1.58,-0.65,0.00
16658,-10.43,0.20,0.00,-1.38,-1.17,-0.11,0.00
16668,-10.43,0.19,0.00,-1.64,-1.26,-0.05,0.00
16678,-10.43,0.17,0.00,-1.66,-1.81,-0.54,0.00
16688,-10.43,0.16,0.00,-1.31,0.85,1.25,0.00
16698,-10.43,0.14,0.00,-1.61,-1.95,-0.60,0.00
16708,-10.41,0.12,1.25,-1.82,-1.54,-0.32,0.00
16718,-10.41,0.10,0.00,-2.04,-1.01,0.62,0.00
16729,-10.43,0.09,-1.25,-1.76,-2.03,-0.17,0.00
16740,-10.45,0.08,-2.50,-0.82,-1.04,0.81,0.00
16749,-10.48,0.08,-2.50,-0.23,-2.07,-0.40,0.00
16759,-10.52,0.08,-5.00,0.23,-2.12,-0.07,0.00
16770,-10.57,0.08,-5.00,0.10,-1.81,0.28,0.00
16779,-10.63,0.09,-5.00,1.24,-1.70,-0.01,0.00
16789,-10.70,0.10,-7.50,1.31,-1.34,0.81,0.00
16800,-10.77,0.12,-7.50,1.38,-1.19,0.90,0.00
16809,-10.82,0.13,-5.00,1.43,-0.47,1.03,0.00
16820,-10.88,0.14,-5.00,0.89,-1.72,-0.08,0.00
16829,-10.91,0.15,-3.75,0.38,-1.18,0.35,0.00
16840,-10.98,0.15,-6.25,0.05,-2.64,-0.46,0.00
16849,-11.02,0.15,-5.00,0.24,-2.01,-0.16,0.00
16859,-11.09,0.15,-6.25,0.58,-1.64,0.35,0.00
16869,-11.18,0.17,-8.75,1.17,-2.11,0.18,0.00
16879,-11.24,0.18,-6.25,1.69,-1.62,-0.08,0.00
16889,-11.34,0.20,-10.00,1.57,-2.71,-0.39,0.00
16899,-11.41,0.22,-7.50,1.92,-2.15,-0.53,0.00
16909,-11.51,0.24,-10.00,1.85,-2.04,0.07,0.00
16919,-11.61,0.26,-10.00,2.76,-1.38,0.36,0.00
16929,-11.70,0.29,-8.75,2.90,-1.81,-0.47,0.00
16940,-11.80,0.32,-10.00,2.72,-1.15,0.42,0.00
16949,-11.88,0.34,-7.50,2.46,-1.32,-0.28,0.00
16960,-11.95,0.36,-7.50,1.78,-0.95,0.26,0.00
16969,-12.04,0.38,-8.75,1.50,-2.28,-0.76,0.00
16979,-12.11,0.39,-7.50,0.93,-0.76,0.65,0.00
16989,-12.19,0.39,-7.50,0.68,-0.71,0.77,0.00
17000,-12.25,0.40,-6.25,0.80,-1.37,-0.22,0.00
17009,-12.30,0.41,-5.00,0.99,1.04,1.04,0.00
17019,-12.34,0.42,-3.75,0.94,-1.94,-1.42,0.00
17029,-12.34,0.42,0.00,0.10,0.68,-0.12,0.00
17039,-12.35,0.40,-1.25,-1.88,-1.42,-0.46,0.00
17049,-12.35,0.37,0.00,-2.84,-0.96,0.15,0.00
17059,-12.35,0.35,0.00,-2.57,-1.63,-0.52,0.00
17070,-12.35,0.33,0.00,-2.39,-1.02,0.12,0.00
17080,-12.35,0.30,0.00,-2.43,-0.90,0.33,0.00
17090,-12.35,0.28,0.00,-2.22,-1.26,-0.01,0.00
17100,-12.35,0.26,0.00,-1.97,-1.78,-0.54,0.00
17111,-12.35,0.24,0.00,-2.29,-0.86,0.55,0.00
17120,-12.35,0.21,0.00,-2.29,-1.55,-0.05,0.00
17130,-12.35,0.19,0.00,-2.13,-2.01,-0.49,0.00
17140,-12.35,0.17,0.00,-2.22,-1.27,0.36,0.00
17150,-12.35,0.15,0.00,-2.30,-0.75,0.98,0.00
17160,-12.35,0.12,0.00,-2.27,-2.06,-0.26,0.00
17170,-12.35,0.10,0.00,-2.46,-1.31,0.64,0.00
17180,-12.38,0.08,-2.50,-2.32,-1.95,0.56,0.00
17190,-12.41,0.06,-3.75,-1.17,-2.83,-0.38,0.00
17200,-12.46,0.06,-5.00,-0.49,-1.88,0.63,0.00
17210,-12.51,0.07,-5.00,0.61,-1.37,0.78,0.00
17220,-12.59,0.08,-7.50,1.17,-1.74,0.72,0.00
17230,-12.66,0.09,-7.50,0.84,-1.98,0.57,0.00
17241,-12.74,0.09,-7.50,0.49,-3.12,-0.47,0.00
17251,-12.81,0.10,-7.50,1.03,-2.88,-0.44,0.00
17261,-12.91,0.12,-10.00,1.88,-3.07,-0.43,0.00
17271,-13.02,0.15,-11.25,2.97,-2.86,-0.40,0.00
17282,-13.15,0.18,-12.50,3.40,-2.10,0.38,0.00
17291,-13.27,0.22,-12.50,3.94,-1.64,0.53,0.00
17301,-13.39,0.26,-11.25,3.94,-2.65,-0.86,0.00
17311,-13.51,0.30,-12.50,3.61,-2.03,0.01,0.00
17321,-13.64,0.33,-12.50,3.26,-2.96,-0.91,0.00
17331,-13.75,0.36,-11.25,3.14,-2.02,-0.29,0.00
17341,-13.89,0.39,-13.75,2.95,-2.30,-0.08,0.00
17351,-14.00,0.42,-11.25,3.23,-1.64,-0.14,0.00
17362,-14.13,0.46,-12.50,3.68,0.45,1.15,0.00
17371,-14.21,0.50,-8.75,3.80,0.70,0.45,0.00
17381,-14.26,0.54,-5.00,3.68,0.84,-0.29,0.00
17391,-14.29,0.55,-2.50,1.57,1.08,0.05,0.00
17401,-14.30,0.53,-1.25,-2.55,-0.87,0.05,0.00
17411,-14.30,0.49,0.00,-3.42,-0.90,0.16,0.00
17421,-14.30,0.46,0.00,-3.51,-1.03,0.18,0.00
17431,-14.30,0.43,0.00,-3.05,-1.10,0.07,0.00
17441,-14.30,0.40,0.00,-2.30,-1.80,-0.79,0.00
17452,-14.30,0.38,0.00,-1.94,-1.02,-0.06,0.00
17461,-14.30,0.36,0.00,-2.11,-1.51,-0.41,0.00
17471,-14.30,0.34,0.00,-1.97,-1.06,0.06,0.00
17481,-14.30,0.32,0.00,-1.85,-1.56,-0.42,0.00
17491,-14.30,0.31,0.00,-1.71,-1.25,-0.10,0.00
17502,-14.30,0.29,0.00,-1.80,-0.56,0.69,0.00
17511,-14.30,0.27,0.00,-1.82,-1.47,-0.16,0.00
17522,-14.30,0.25,0.00,-1.68,-0.96,0.37,0.00
17531,-14.30,0.24,0.00,-1.73,-0.52,0.89,0.00
17541,-14.30,0.22,0.00,-1.61,-1.57,-0.14,0.00
17551,-14.31,0.21,-1.25,-1.19,-1.57,0.03,0.00
17562,-14.35,0.20,-3.75,-1.03,-2.93,-0.82,0.00
17571,-14.39,0.19,-3.75,-0.61,-2.03,-0.03,0.00
17582,-14.45,0.20,-6.25,0.40,-2.66,-0.46,0.00
17592,-14.52,0.22,-7.50,1.85,-1.80,0.14,0.00
17602,-14.61,0.24,-8.75,2.72,-2.80,-0.97,0.00
17612,-14.71,0.28,-10.00,3.21,-1.26,0.57,0.00
17624,-14.82,0.31,-11.25,3.39,-2.74,-0.81,0.00
17632,-14.90,0.35,-7.50,4.03,0.69,0.69,0.00
17642,-15.00,0.39,-10.00,4.00,-1.29,-0.08,0.00
17652,-15.06,0.43,-6.25,3.94,-1.03,-0.72,0.00
17662,-15.13,0.46,-6.25,2.95,-1.28,-0.76,0.00
17672,-15.19,0.47,-6.25,1.45,0.53,0.69,0.00
17682,-15.24,0.48,-5.00,1.17,0.40,0.36,0.00
17692,-15.26,0.49,-2.50,0.79,-0.47,-0.15,0.00
17702,-15.27,0.48,-1.25,-1.05,0.49,0.38,0.00
17712,-15.27,0.46,0.00,-1.71,-1.19,-0.49,0.00
17722,-15.27,0.45,0.00,-1.52,-0.98,-0.29,0.00
17732,-15.27,0.43,0.00,-1.54,-1.49,-0.74,0.00
17743,-15.27,0.42,0.00,-1.50,0.81,0.80,0.00
17753,-15.27,0.41,0.00,-0.98,-0.61,0.04,0.00
17763,-15.26,0.40,1.25,-1.03,1.11,0.75,0.00
17773,-15.26,0.39,0.00,-0.94,0.42,0.33,0.00
17784,-15.26,0.38,0.00,-0.91,-0.69,0.04,0.00
17794,-15.25,0.37,1.25,-1.13,-0.89,-0.30,0.00
17803,-15.25,0.36,0.00,-1.05,-1.86,-1.01,0.00
17813,-15.25,0.35,0.00,-0.99,0.82,0.89,0.00
17824,-15.25,0.34,0.00,-0.80,-1.11,-0.28,0.00
17833,-15.25,0.33,0.00,-0.70,-1.06,-0.24,0.00
17843,-15.26,0.33,-1.25,-0.73,-1.26,-0.14,0.00
17853,-15.27,0.33,-1.25,0.00,-1.38,-0.48,0.00
17864,-15.31,0.33,-3.75,0.65,-0.71,0.49,0.00
17873,-15.34,0.34,-2.50,1.08,-0.99,-0.24,0.00
17883,-15.38,0.36,-3.75,1.64,-1.02,-0.24,0.00
17893,-15.40,0.38,-2.50,1.64,0.91,0.57,0.00
17904,-15.43,0.39,-2.50,1.80,0.66,0.22,0.00
17913,-15.44,0.41,-1.25,1.31,0.62,0.03,0.00
17923,-15.44,0.41,0.00,0.24,1.06,0.54,0.00
17933,-15.44,0.41,0.00,0.21,-0.75,-0.47,0.00
17943,-15.45,0.41,-1.25,-0.05,0.95,0.78,0.00
17953,-15.45,0.41,0.00,-0.09,0.57,0.15,0.00
17965,-15.45,0.41,0.00,-0.03,1.37,0.93,0.00
17973,-15.45,0.41,0.00,-0.16,0.72,0.33,0.00
17983,-15.45,0.41,0.00,0.42,0.47,-0.12,0.00
17993,-15.45,0.42,0.00,0.35,1.24,0.66,0.00
18004,-15.45,0.42,0.00,0.38,1.15,0.54,0.00
18013,-15.44,0.42,1.25,0.23,1.39,0.56,0.00
18023,-15.40,0.42,3.75,-0.05,0.63,-0.63,0.00
18033,-15.39,0.42,1.25,-0.42,0.64,0.04,0.00
18043,-15.36,0.41,2.50,-0.99,0.97,0.31,0.00
18053,-15.35,0.40,1.25,-0.86,0.42,0.01,0.00
18063,-15.32,0.40,2.50,-0.16,1.47,0.58,0.00
18073,-15.31,0.40,1.25,0.28,1.24,0.47,0.00
18083,-15.27,0.40,3.75,-0.07,0.85,-0.34,0.00
18094,-15.25,0.40,2.50,-0.47,0.80,0.01,0.00
18104,-15.23,0.39,2.50,-0.30,-0.43,-0.47,0.00
18114,-15.20,0.39,2.50,-0.31,0.42,-0.40,0.00
18124,-15.20,0.39,0.00,-0.31,-0.76,-0.24,0.00
18135,-15.20,0.39,0.00,0.47,0.89,0.34,0.00
18144,-15.20,0.40,0.00,1.31,-0.68,-0.74,0.00
18154,-15.18,0.42,2.50,1.59,1.88,0.34,0.00
18164,-15.19,0.44,-1.25,1.75,1.58,0.72,0.00
18174,-15.19,0.46,0.00,1.92,-0.61,-1.06,0.00
18184,-15.20,0.48,-1.25,2.06,1.62,0.52,0.00
18194,-15.20,0.49,0.00,1.48,1.09,-0.14,0.00
18204,-15.20,0.51,0.00,1.76,1.68,0.30,0.00
18214,-15.20,0.53,0.00,1.87,1.04,-0.44,0.00
18224,-15.20,0.55,0.00,1.73,1.13,-0.37,0.00
18234,-15.20,0.56,0.00,1.94,2.03,0.40,0.00
18244,-15.20,0.59,0.00,2.04,1.62,-0.12,0.00
18254,-15.20,0.60,0.00,1.95,1.98,0.20,0.00
18265,-15.20,0.63,0.00,2.25,1.96,0.01,0.00
18275,-15.20,0.65,0.00,2.27,1.76,-0.27,0.00
18286,-15.20,0.67,0.00,2.39,2.58,0.43,0.00
18295,-15.20,0.70,0.00,2.57,2.28,-0.02,0.00
18306,-15.19,0.73,1.25,2.65,2.20,-0.49,0.00
18315,-15.16,0.75,2.50,2.32,4.11,1.18,0.00
18325,-15.11,0.76,5.00,1.08,2.54,-0.55,0.00
18335,-15.02,0.75,8.75,-0.52,4.23,0.87,0.00
18347,-14.94,0.74,8.75,-1.88,3.71,0.84,0.00
18355,-14.81,0.71,12.50,-2.76,2.82,-0.47,0.00
18365,-14.68,0.67,13.75,-4.19,2.52,-0.44,0.00
18375,-14.51,0.62,16.25,-4.22,3.80,0.46,0.00
18385,-14.36,0.59,15.00,-3.68,3.22,0.09,0.00
18395,-14.23,0.55,13.75,-3.77,1.97,-0.76,0.00
18405,-14.06,0.51,16.25,-4.33,2.27,-0.67,0.00
18415,-13.93,0.46,13.75,-4.49,2.32,0.10,0.00
18425,-13.80,0.42,12.50,-3.89,2.03,0.01,0.00
18435,-13.68,0.39,12.50,-3.09,1.92,-0.26,0.00
18446,-13.54,0.37,13.75,-2.22,3.29,0.64,0.00
18455,-13.41,0.35,12.50,-1.54,2.44,-0.13,0.00
18466,-13.29,0.34,12.50,-1.71,3.11,0.64,0.00
18476,-13.14,0.31,15.00,-2.25,2.00,-0.75,0.00
18486,-13.01,0.29,12.50,-2.36,2.08,-0.04,0.00
18495,-12.89,0.26,12.50,-3.12,1.96,0.19,0.00
18505,-12.76,0.23,12.50,-3.16,2.30,0.63,0.00
18515,-12.64,0.20,12.50,-2.51,1.03,-0.76,0.00
18525,-12.54,0.19,10.00,-1.68,1.41,-0.08,0.00
18535,-12.44,0.17,10.00,-1.71,-0.44,-1.06,0.00
18545,-12.35,0.16,8.75,-0.63,1.43,-0.06,0.00
18555,-12.31,0.17,3.75,1.01,0.85,-0.16,0.00
18565,-12.29,0.19,2.50,1.78,0.50,-0.56,0.00
18575,-12.27,0.23,1.25,3.72,0.99,-0.56,0.00
18586,-12.26,0.27,1.25,3.93,1.74,-0.01,0.00
18595,-12.26,0.31,0.00,4.01,1.88,0.23,0.00
18606,-12.26,0.35,0.00,4.03,0.94,-0.86,0.00
18616,-12.26,0.39,0.00,4.22,2.16,0.15,0.00
18626,-12.26,0.43,0.00,4.29,3.16,0.98,0.00
18636,-12.26,0.48,0.00,4.26,2.40,0.07,0.00
18647,-12.26,0.52,0.00,4.31,3.03,0.54,0.00
18656,-12.26,0.56,0.00,4.19,2.79,0.19,0.00
18666,-12.26,0.60,0.00,4.22,2.93,0.18,0.00
18676,-12.26,0.65,0.00,4.38,3.17,0.21,0.00
18688,-12.26,0.69,0.00,4.59,2.56,-0.63,0.00
18696,-12.26,0.74,0.00,4.82,3.68,0.25,0.00
18706,-12.20,0.79,6.25,4.73,5.10,0.22,0.00
18716,-12.13,0.82,7.50,3.32,4.70,-0.12,0.00
18726,-12.00,0.82,12.50,0.38,5.04,0.09,0.00
18736,-11.86,0.80,13.75,-2.30,4.25,-0.04,0.00
18746,-11.68,0.76,18.75,-3.73,4.24,-0.53,0.00
18756,-11.49,0.72,18.75,-4.80,3.24,-1.03,0.00
18766,-11.27,0.67,21.25,-4.94,4.15,-0.45,0.00
18777,-11.07,0.62,20.00,-5.03,4.46,0.30,0.00
18787,-10.85,0.57,22.50,-4.69,5.37,0.73,0.00
18797,-10.64,0.52,21.25,-5.15,4.15,0.08,0.00
18807,-10.39,0.46,25.00,-5.65,4.43,-0.09,0.00
18818,-10.15,0.40,23.75,-6.61,3.97,0.23,0.00
18827,-9.93,0.33,22.50,-6.61,2.87,-0.40,0.00
18837,-9.68,0.26,25.00,-6.82,3.55,0.04,0.00
18847,-9.45,0.20,22.50,-6.60,2.26,-0.59,0.00
18857,-9.25,0.13,20.00,-6.23,2.26,0.02,0.00
18867,-9.06,0.08,18.75,-5.60,1.77,-0.23,0.00
18877,-8.89,0.03,17.50,-4.63,1.52,-0.38,0.00
18887,-8.73,-0.01,16.25,-3.75,1.78,-0.02,0.00
18897,-8.57,-0.03,15.00,-2.60,1.21,-0.62,0.00
18907,-8.46,-0.05,11.25,-1.34,0.48,-0.93,0.00
18917,-8.35,-0.05,11.25,-0.70,0.55,-1.05,0.00
18928,-8.26,-0.05,8.75,0.61,2.03,0.51,0.00
18937,-8.20,-0.03,6.25,1.75,1.02,-0.41,0.00
18947,-8.11,-0.01,8.75,1.82,2.52,0.47,0.00
18957,-8.05,0.00,6.25,1.24,1.37,-0.02,0.00
18967,-7.96,0.01,8.75,0.70,1.26,-0.52,0.00
18977,-7.88,0.01,8.75,0.12,0.99,-0.61,0.00
18988,-7.80,0.01,7.50,0.00,1.30,-0.00,0.00
18997,-7.74,0.01,6.25,0.07,1.22,0.15,0.00
19007,-7.66,0.01,7.50,0.33,1.34,-0.10,0.00
19017,-7.59,0.02,7.50,0.70,1.15,-0.44,0.00
19027,-7.53,0.02,6.25,0.45,0.86,-0.41,0.00
19037,-7.48,0.03,5.00,0.10,0.83,-0.07,0.00
19047,-7.41,0.03,6.25,0.38,1.01,-0.27,0.00
19057,-7.36,0.04,5.00,0.80,0.92,-0.26,0.00
19067,-7.31,0.05,5.00,0.77,1.11,-0.09,0.00
19077,-7.26,0.05,5.00,0.68,1.62,0.42,0.00
19087,-7.21,0.06,5.00,0.68,1.32,0.09,0.00
19097,-7.15,0.06,6.25,0.23,1.33,-0.03,0.00
19108,-7.07,0.06,7.50,-0.24,2.11,0.65,0.00
19118,-7.01,0.05,6.25,-0.72,1.64,0.61,0.00
19128,-6.94,0.04,7.50,-1.55,-1.13,-1.31,0.00
19138,-6.86,0.02,7.50,-2.08,0.40,-0.35,0.00
19148,-6.82,-0.00,3.75,-1.62,-1.39,-0.64,0.00
19159,-6.81,0.01,1.25,0.98,1.23,0.83,0.00
19168,-6.81,0.03,0.00,2.43,1.59,0.91,0.00
19178,-6.81,0.06,0.00,2.72,0.69,-0.18,0.00
19188,-6.81,0.08,0.00,2.20,0.78,0.00,0.00
19198,-6.81,0.10,0.00,1.47,1.31,0.71,0.00
19208,-6.81,0.11,0.00,1.52,0.78,0.12,0.00
19218,-6.81,0.13,0.00,1.40,0.57,-0.11,0.00
19228,-6.81,0.14,0.00,1.31,0.67,-0.02,0.00
19238,-6.81,0.15,0.00,1.41,0.91,0.13,0.00
19248,-6.81,0.17,0.00,1.19,1.24,0.50,0.00
19258,-6.81,0.18,0.00,1.12,0.97,0.21,0.00
19269,-6.81,0.19,0.00,1.01,1.45,0.69,0.00
19278,-6.81,0.20,0.00,0.99,1.41,0.62,0.00
19289,-6.81,0.21,0.00,0.86,1.02,0.25,0.00
19299,-6.79,0.21,2.50,0.66,1.13,-0.14,0.00
19310,-6.75,0.22,3.75,0.38,1.71,0.25,0.00
19319,-6.71,0.21,3.75,-0.58,1.48,0.34,0.00
19330,-6.68,0.19,3.75,-1.75,0.48,-0.22,0.00
19339,-6.63,0.17,5.00,-2.09,1.32,0.54,0.00
19349,-6.59,0.14,3.75,-2.72,-1.34,-0.77,0.00
19359,-6.54,0.11,5.00,-3.02,-1.12,-0.62,0.00
19369,-6.51,0.09,2.50,-2.36,-1.15,-0.25,0.00
19379,-6.50,0.08,1.25,-0.73,-1.12,-0.45,0.00
19389,-6.49,0.08,1.25,-0.23,-0.60,-0.09,0.00
19399,-6.49,0.08,0.00,0.02,-0.62,0.07,0.00
19409,-6.49,0.08,0.00,-0.03,-1.57,-0.86,0.00
19419,-6.49,0.08,0.00,-0.38,-0.67,0.17,0.00
19430,-6.49,0.07,0.00,-0.30,-0.92,-0.10,0.00
19439,-6.49,0.07,0.00,-0.38,-1.03,-0.17,0.00
19449,-6.50,0.07,-1.25,-0.40,-1.13,0.01,0.00
19459,-6.51,0.06,-1.25,-0.12,-0.42,0.64,0.00
19469,-6.53,0.06,-1.25,-0.17,-2.13,-1.04,0.00
19479,-6.53,0.06,0.00,-0.24,-1.35,-0.49,0.00
19489,-6.56,0.06,-3.75,0.00,-1.90,-0.33,0.00
19500,-6.57,0.07,-1.25,0.77,-0.50,0.27,0.00
19509,-6.61,0.07,-3.75,0.54,-2.14,-0.79,0.00
19519,-6.64,0.08,-2.50,0.80,-1.94,-0.96,0.00
19529,-6.70,0.09,-6.25,0.35,-1.40,0.51,0.00
19539,-6.74,0.10,-3.75,1.17,-1.89,-0.81,0.00
19549,-6.79,0.11,-5.00,1.61,-0.87,0.28,0.00
19559,-6.85,0.12,-6.25,1.06,-2.48,-0.93,0.00
19569,-6.90,0.13,-5.00,1.10,-0.77,0.48,0.00
19579,-6.96,0.15,-6.25,1.20,-1.41,0.03,0.00
19590,-7.01,0.16,-5.00,1.75,-1.30,-0.35,0.00
19599,-7.06,0.18,-5.00,1.38,-0.86,0.16,0.00
19609,-7.11,0.18,-5.00,0.68,-0.78,0.45,0.00
19619,-7.15,0.19,-3.75,0.21,-1.21,-0.10,0.00
19630,-7.19,0.18,-3.75,-0.26,-0.75,0.53,0.00
19640,-7.23,0.18,-3.75,-0.86,-1.41,0.09,0.00
19651,-7.26,0.16,-3.75,-1.08,-1.47,0.14,0.00
19660,-7.30,0.15,-3.75,-1.19,-2.15,-0.46,0.00
19671,-7.34,0.15,-3.75,-0.47,-1.47,0.01,0.00
19680,-7.39,0.15,-5.00,-0.10,-2.01,-0.37,0.00
19690,-7.45,0.15,-6.25,0.40,-2.31,-0.59,0.00
19700,-7.50,0.16,-5.00,0.47,-1.18,0.25,0.00
19710,-7.57,0.17,-7.50,1.22,-1.74,-0.06,0.00
19720,-7.64,0.18,-6.25,1.13,-1.40,0.01,0.00
19730,-7.70,0.19,-6.25,0.70,0.47,1.20,0.00
19740,-7.76,0.19,-6.25,0.28,-1.29,0.37,0.00
19751,-7.79,0.19,-2.50,0.00,-0.68,0.28,0.00
19760,-7.79,0.18,0.00,-0.94,-1.21,-0.43,0.00
19770,-7.80,0.16,-1.25,-2.36,-2.03,-0.45,0.00
19780,-7.80,0.12,0.00,-3.89,-2.62,-0.68,0.00
19790,-7.80,0.07,0.00,-4.36,-1.78,0.46,0.00
19801,-7.80,0.03,0.00,-4.59,-2.19,0.28,0.00
19811,-7.80,-0.02,0.00,-4.36,-2.16,0.40,0.00
19821,-7.80,-0.06,0.00,-4.12,-1.99,0.63,0.00
19832,-7.80,-0.10,0.00,-3.98,-3.41,-0.69,0.00
19842,-7.80,-0.14,0.00,-4.38,-3.02,-0.02,0.00
19852,-7.80,-0.19,0.00,-4.50,-3.16,0.03,0.00
19861,-7.80,-0.23,0.00,-4.66,-3.71,-0.31,0.00
19871,-7.80,-0.28,0.00,-4.94,-3.59,0.07,0.00
19881,-7.80,-0.33,0.00,-5.24,-3.08,0.87,0.00
19891,-7.80,-0.39,0.00,-5.45,-3.77,0.44,0.00
19901,-7.86,-0.44,-6.25,-5.43,-6.14,-0.44,0.00
19911,-7.94,-0.48,-7.50,-3.60,-4.75,0.77,0.00
19921,-8.06,-0.49,-12.50,-1.31,-6.11,-0.22,0.00
19931,-8.19,-0.49,-12.50,0.51,-4.19,1.11,0.00
19941,-8.36,-0.47,-17.50,1.73,-6.65,-0.74,0.00
19951,-8.54,-0.45,-17.50,2.44,-5.27,0.35,0.00
19961,-8.76,-0.42,-22.50,2.88,-6.51,-0.06,0.00
19971,-8.98,-0.38,-21.25,3.86,-6.06,-0.30,0.00
19981,-9.21,-0.33,-23.75,4.61,-6.21,-0.31,0.00
19991,-9.49,-0.28,-27.50,4.89,-6.80,-0.34,0.00
20001,-9.76,-0.23,-27.50,5.13,-6.10,0.13,0.00
20013,-10.04,-0.17,-27.50,5.78,-5.78,0.05,0.00
20021,-10.29,-0.11,-25.00,6.00,-4.68,0.38,0.00
20031,-10.59,-0.05,-30.00,6.06,-5.02,0.88,0.00
20041,-10.89,0.01,-30.00,5.99,-5.46,0.28,0.00
20051,-11.18,0.07,-28.75,5.90,-5.52,-0.20,0.00
20061,-11.45,0.12,-27.50,5.72,-4.40,0.54,0.00
20071,-11.75,0.18,-30.00,6.09,-4.32,0.84,0.00
20081,-12.04,0.25,-28.75,6.39,-3.79,0.82,0.00
20091,-12.34,0.30,-30.00,5.57,-5.48,-0.52,0.00
20101,-12.57,0.36,-23.75,5.32,-3.21,0.36,0.00
20111,-12.86,0.41,-28.75,5.18,-4.85,-0.34,0.00
20121,-13.14,0.46,-27.50,5.11,-3.19,0.92,0.00
20132,-13.40,0.51,-26.25,4.71,-3.73,0.11,0.00
20142,-13.66,0.55,-26.25,4.49,-4.10,-0.33,0.00
20152,-13.91,0.59,-25.00,3.82,-3.66,-0.05,0.00
20162,-14.16,0.63,-25.00,3.54,-4.12,-0.52,0.00
20172,-14.43,0.66,-26.25,3.93,-3.34,0.29,0.00
20183,-14.68,0.70,-25.00,4.01,-2.72,0.50,0.00
20193,-14.90,0.75,-22.50,4.15,-2.27,0.25,0.00
20202,-15.11,0.79,-21.25,3.96,-2.78,-0.58,0.00
20212,-15.32,0.82,-21.25,2.98,-2.48,-0.05,0.00
20222,-15.52,0.84,-20.00,2.46,-2.75,-0.48,0.00
20233,-15.71,0.86,-18.75,1.97,-2.12,-0.01,0.00
20242,-15.90,0.88,-18.75,1.80,-2.12,0.00,0.00
20252,-16.09,0.90,-18.75,1.92,-1.72,0.32,0.00
20262,-16.25,0.91,-16.25,1.50,-2.64,-1.04,0.00
20272,-16.40,0.92,-15.00,1.03,-1.45,0.01,0.00
20282,-16.55,0.93,-15.00,0.84,-1.90,-0.39,0.00
20293,-16.69,0.94,-13.75,0.84,-2.42,-1.19,0.00
20302,-16.82,0.94,-13.75,0.52,-1.70,-0.37,0.00
20313,-16.95,0.95,-12.50,0.65,-1.45,-0.43,0.00
20323,-17.09,0.96,-13.75,0.80,-1.37,-0.16,0.00
20334,-17.20,0.97,-11.25,0.84,-0.92,-0.26,0.00
20343,-17.31,0.97,-11.25,0.28,-1.24,-0.40,0.00
20354,-17.40,0.97,-8.75,-0.23,-1.10,-0.62,0.00
20363,-17.47,0.96,-7.50,-0.38,0.67,0.17,0.00
20374,-17.54,0.96,-6.25,-0.45,-0.76,-0.68,0.00
20383,-17.59,0.95,-5.00,-1.19,0.63,-0.07,0.00
20393,-17.60,0.92,-1.25,-2.41,2.19,1.17,0.00
20403,-17.60,0.89,0.00,-3.18,0.70,-0.22,0.00
20413,-17.59,0.85,1.25,-4.31,0.61,-0.06,0.00
20423,-17.59,0.80,0.00,-4.43,-1.08,-0.49,0.00
20434,-17.59,0.77,0.00,-3.63,-0.53,-0.07,0.00
20443,-17.59,0.73,0.00,-3.40,0.67,0.38,0.00
20453,-17.59,0.70,0.00,-3.49,-0.82,-0.17,0.00
20463,-17.59,0.67,0.00,-3.05,0.54,0.36,0.00
20473,-17.59,0.64,0.00,-2.72,-1.57,-0.96,0.00
20483,-17.59,0.62,0.00,-2.60,-0.68,-0.02,0.00
20493,-17.59,0.59,0.00,-2.43,-1.46,-0.77,0.00
20503,-17.59,0.57,0.00,-2.27,0.59,0.51,0.00
20514,-17.59,0.55,0.00,-2.15,1.00,0.96,0.00
20524,-17.57,0.53,1.25,-2.02,0.81,0.54,0.00
20533,-17.57,0.51,0.00,-1.99,-1.26,-0.41,0.00
20543,-17.57,0.49,0.00,-1.94,0.45,0.55,0.00
20553,-17.59,0.47,-1.25,-1.82,-1.64,-0.45,0.00
20563,-17.60,0.46,-1.25,-1.22,1.08,1.31,0.00
20573,-17.61,0.45,-1.25,-1.08,-0.83,0.21,0.00
20583,-17.62,0.44,-1.25,-0.44,-0.63,0.21,0.00
20593,-17.64,0.43,-1.25,-0.84,-1.10,-0.09,0.00
20603,-17.65,0.42,-1.25,-1.06,-1.08,0.03,0.00
20613,-17.66,0.42,-1.25,-0.54,-0.91,0.05,0.00
20623,-17.70,0.42,-3.75,-0.02,-1.96,-0.63,0.00
20633,-17.72,0.42,-2.50,0.26,-1.01,-0.04,0.00
20643,-17.76,0.43,-3.75,0.75,-1.85,-0.80,0.00
20654,-17.81,0.44,-5.00,1.20,-1.19,-0.07,0.00
20664,-17.87,0.46,-6.25,1.66,-1.20,-0.00,0.00
20674,-17.92,0.48,-5.00,2.34,-0.77,-0.14,0.00
20684,-17.97,0.50,-5.00,2.41,0.50,0.24,0.00
20695,-18.01,0.53,-3.75,2.51,1.27,0.62,0.00
20704,-18.01,0.55,0.00,2.16,1.24,-0.16,0.00
20714,-18.01,0.54,0.00,-0.91,0.58,0.20,0.00
20724,-18.00,0.53,1.25,-1.08,0.42,-0.13,0.00
20734,-17.99,0.52,1.25,-0.79,0.51,-0.11,0.00
20744,-17.99,0.52,0.00,-0.45,-1.10,-0.75,0.00
20754,-17.97,0.51,1.25,-0.49,1.08,0.39,0.00
20764,-17.97,0.51,0.00,-0.49,0.99,0.59,0.00
20774,-17.97,0.51,0.00,-0.19,0.42,-0.07,0.00
20784,-17.96,0.50,1.25,-0.14,-0.46,-0.42,0.00
20794,-17.95,0.51,1.25,0.19,1.44,0.56,0.00
20804,-17.94,0.51,1.25,0.31,1.14,0.20,0.00
20814,-17.92,0.51,1.25,0.09,0.51,-0.36,0.00
20825,-17.91,0.51,1.25,0.00,0.54,-0.30,0.00
20835,-17.90,0.51,1.25,0.35,0.99,0.02,0.00
20845,-17.90,0.52,0.00,0.59,0.85,0.05,0.00
20855,-17.89,0.53,1.25,0.51,1.21,0.16,0.00
20866,-17.87,0.53,1.25,0.63,1.40,0.29,0.00
20875,-17.85,0.54,2.50,0.52,1.02,-0.35,0.00
20885,-17.84,0.54,1.25,0.35,1.54,0.48,0.00
20896,-17.80,0.54,3.75,0.45,2.12,0.48,0.00
20905,-17.76,0.55,3.75,0.40,2.16,0.52,0.00
20915,-17.71,0.55,5.00,0.00,1.62,-0.15,0.00
20925,-17.66,0.54,5.00,-1.29,2.00,0.67,0.00
20935,-17.61,0.52,5.00,-1.24,2.26,0.96,0.00
20945,-17.54,0.51,7.50,-1.34,1.85,0.10,0.00
20955,-17.46,0.49,7.50,-1.54,1.46,-0.18,0.00
20965,-17.40,0.48,6.25,-1.82,1.20,-0.03,0.00
20975,-17.32,0.46,7.50,-1.41,1.46,-0.13,0.00
20985,-17.26,0.45,6.25,-1.33,1.99,0.68,0.00
20996,-17.20,0.44,6.25,-1.10,1.13,-0.21,0.00
21005,-17.14,0.43,6.25,-0.70,1.61,0.16,0.00
21015,-17.09,0.43,5.00,-0.40,1.00,-0.28,0.00
21025,-17.01,0.43,7.50,-0.02,2.43,0.50,0.00
21037,-16.95,0.43,6.25,-0.12,2.71,1.08,0.00
21045,-16.89,0.43,6.25,0.03,1.88,0.19,0.00
21055,-16.81,0.41,7.50,-1.57,1.47,0.08,0.00
21065,-16.72,0.39,8.75,-1.97,0.88,-0.59,0.00
21075,-16.64,0.37,8.75,-1.61,1.09,-0.44,0.00
21085,-16.59,0.36,5.00,-1.24,0.67,-0.16,0.00
21095,-16.54,0.36,5.00,-0.38,1.60,0.51,0.00
21105,-16.47,0.36,6.25,0.40,2.29,0.66,0.00
21115,-16.42,0.37,5.00,0.94,1.13,-0.45,0.00
21125,-16.35,0.38,7.50,0.96,1.80,-0.35,0.00
21135,-16.29,0.38,6.25,-0.56,2.03,0.64,0.00
21145,-16.21,0.37,7.50,-0.61,1.98,0.37,0.00
21155,-16.14,0.37,7.50,-0.35,1.52,-0.17,0.00
21166,-16.05,0.36,8.75,-0.89,1.90,0.14,0.00
21176,-15.96,0.34,8.75,-1.48,2.17,0.64,0.00
21186,-15.89,0.33,7.50,-1.40,1.34,0.09,0.00
21197,-15.79,0.31,10.00,-1.41,1.80,0.07,0.00
21207,-15.70,0.30,8.75,-1.48,1.32,-0.08,0.00
21216,-15.63,0.29,7.50,-1.45,0.88,-0.22,0.00
21226,-15.54,0.28,8.75,-0.87,1.52,-0.01,0.00
21237,-15.46,0.27,7.50,-0.42,1.49,0.08,0.00
21246,-15.39,0.27,7.50,0.07,1.38,-0.19,0.00
21256,-15.34,0.27,5.00,-0.07,0.76,-0.24,0.00
21266,-15.26,0.27,7.50,-0.19,0.85,-0.64,0.00
21277,-15.21,0.27,5.00,-0.35,-0.66,-0.76,0.00
21286,-15.16,0.27,5.00,0.79,1.00,-0.30,0.00
21296,-15.14,0.29,2.50,1.80,0.74,-0.43,0.00
21306,-15.14,0.32,0.00,3.04,0.71,-0.43,0.00
21316,-15.14,0.36,0.00,3.70,1.20,-0.28,0.00
21326,-15.14,0.40,0.00,3.68,2.35,0.74,0.00
21337,-15.14,0.43,0.00,3.67,1.75,0.02,0.00
21347,-15.14,0.47,0.00,3.72,1.67,-0.20,0.00
21357,-15.14,0.51,0.00,3.91,2.50,0.43,0.00
21367,-15.14,0.55,0.00,4.08,2.04,-0.24,0.00
21378,-15.14,0.59,0.00,4.00,2.23,-0.15,0.00
21387,-15.14,0.63,0.00,3.61,1.92,-0.47,0.00
21398,-15.14,0.66,0.00,3.68,2.34,-0.20,0.00
21407,-15.14,0.70,0.00,3.98,2.70,-0.07,0.00
21419,-15.14,0.74,0.00,3.98,3.07,0.16,0.00
21427,-15.14,0.78,0.00,4.19,2.57,-0.56,0.00
21438,-15.13,0.83,1.25,4.40,3.97,0.36,0.00
21447,-15.07,0.87,5.00,3.82,3.90,-0.45,0.00
21457,-15.00,0.89,7.50,2.37,3.45,-1.05,0.00
21467,-14.90,0.89,10.00,-0.02,3.22,-1.05,0.00
21477,-14.77,0.88,12.50,-1.50,3.60,-0.68,0.00
21487,-14.64,0.86,13.75,-1.85,3.43,-0.95,0.00
21497,-14.49,0.83,15.00,-2.36,4.01,-0.40,0.00
21507,-14.34,0.81,15.00,-2.79,4.62,0.44,0.00
21517,-14.16,0.78,17.50,-2.95,4.31,-0.26,0.00
21527,-13.98,0.74,18.75,-4.10,4.99,0.65,0.00
21538,-13.75,0.69,22.50,-4.52,5.60,0.74,0.00
21548,-13.52,0.64,22.50,-4.87,4.92,0.33,0.00
21557,-13.30,0.58,22.50,-6.09,4.05,0.04,0.00
21567,-13.04,0.51,26.25,-7.02,4.32,0.04,0.00
21577,-12.79,0.44,25.00,-7.12,4.12,0.37,0.00
21587,-12.54,0.37,25.00,-6.91,3.40,-0.20,0.00
21598,-12.31,0.30,22.50,-6.93,2.93,0.08,0.00
21607,-12.06,0.23,25.00,-6.77,3.37,0.15,0.00
21617,-11.82,0.17,23.75,-6.44,2.70,-0.15,0.00
21627,-11.61,0.11,21.25,-6.18,3.34,1.12,0.00
21637,-11.44,0.05,17.50,-5.24,1.13,-0.43,0.00
21647,-11.23,0.01,21.25,-4.92,2.17,-0.13,0.00
21658,-11.05,-0.03,17.50,-3.94,1.77,0.07,0.00
21667,-10.91,-0.07,13.75,-3.16,0.51,-0.56,0.00
21678,-10.76,-0.09,15.00,-2.22,1.50,-0.07,0.00
21688,-10.65,-0.10,11.25,-1.06,0.99,-0.13,0.00
21699,-10.55,-0.10,10.00,0.24,0.67,-0.62,0.00
21708,-10.46,-0.09,8.75,0.86,1.01,-0.26,0.00
21720,-10.40,-0.07,6.25,1.50,1.39,0.39,0.00
21728,-10.34,-0.05,6.25,1.94,-0.68,-1.10,0.00
21739,-10.29,-0.04,5.00,1.64,0.75,-0.17,0.00
21748,-10.25,-0.01,3.75,2.29,0.87,-0.08,0.00
21758,-10.25,0.03,0.00,4.17,0.94,0.04,0.00
21768,-10.24,0.07,1.25,4.49,-0.50,-1.13,0.00
21778,-10.24,0.12,0.00,4.24,-1.30,-1.74,0.00
21788,-10.24,0.16,0.00,4.42,1.06,-0.39,0.00
21798,-10.25,0.21,-1.25,4.63,1.08,-0.33,0.00
21808,-10.25,0.25,0.00,4.57,1.54,-0.28,0.00
21818,-10.25,0.29,0.00,4.22,1.56,-0.30,0.00
21828,-10.25,0.33,0.00,4.07,2.00,0.05,0.00
21838,-10.25,0.37,0.00,4.07,2.46,0.37,0.00
21849,-10.25,0.41,0.00,4.01,2.92,0.70,0.00
21859,-10.25,0.45,0.00,3.89,2.68,0.37,0.00
21869,-10.25,0.49,0.00,3.94,2.38,-0.08,0.00
21879,-10.25,0.53,0.00,4.01,3.11,0.48,0.00
21890,-10.24,0.57,1.25,4.03,3.28,0.24,0.00
21899,-10.19,0.61,5.00,3.91,4.84,0.92,0.00
21909,-10.07,0.64,11.25,3.19,5.91,0.78,0.00
21919,-9.95,0.65,12.50,0.87,4.97,0.27,0.00
21929,-9.79,0.61,16.25,-4.47,4.12,0.49,0.00
21939,-9.61,0.55,17.50,-6.16,3.20,0.04,0.00
21949,-9.40,0.48,21.25,-7.12,3.26,-0.14,0.00
21959,-9.20,0.40,20.00,-7.16,3.53,0.64,0.00
21969,-8.99,0.34,21.25,-6.93,2.57,-0.44,0.00
21979,-8.81,0.26,17.50,-7.03,2.12,0.16,0.00
21989,-8.63,0.20,18.75,-6.63,2.72,0.59,0.00
22000,-8.45,0.14,17.50,-5.83,1.51,-0.43,0.00
22009,-8.27,0.09,17.50,-5.01,2.55,0.51,0.00
22020,-8.15,0.05,12.50,-4.38,0.93,-0.13,0.00
22029,-8.00,0.01,15.00,-3.89,2.03,0.42,0.00
22039,-7.88,-0.03,12.50,-3.80,1.19,0.19,0.00
22049,-7.76,-0.06,11.25,-2.91,1.06,0.14,0.00
22061,-7.65,-0.09,11.25,-2.58,1.53,0.58,0.00
22069,-7.56,-0.11,8.75,-2.08,-0.59,-0.31,0.00
22079,-7.49,-0.12,7.50,-1.40,0.45,0.02,0.00
22089,-7.44,-0.13,5.00,-0.63,-0.88,-0.22,0.00
22099,-7.43,-0.12,1.25,0.93,-0.73,0.20,0.00
22109,-7.43,-0.09,0.00,2.50,-0.47,0.12,0.00
22119,-7.43,-0.06,0.00,3.16,0.83,0.30,0.00
22129,-7.43,-0.03,0.00,2.71,0.51,0.03,0.00
22139,-7.43,-0.01,0.00,2.15,1.62,1.25,0.00
22149,-7.43,0.01,0.00,1.97,0.90,0.51,0.00
22159,-7.43,0.03,0.00,1.80,1.71,1.31,0.00
22169,-7.43,0.04,0.00,1.68,-0.72,-0.33,0.00
22179,-7.43,0.06,0.00,1.54,-0.53,-0.16,0.00
22190,-7.43,0.07,0.00,1.55,0.58,0.10,0.00
22200,-7.44,0.09,-1.25,1.47,-0.64,-0.08,0.00
22210,-7.44,0.10,0.00,1.06,0.54,0.12,0.00
22220,-7.44,0.11,0.00,1.12,0.74,0.27,0.00
22231,-7.44,0.12,0.00,0.86,0.87,0.45,0.00
22240,-7.41,0.12,2.50,0.47,0.93,0.10,0.00
22250,-7.40,0.12,1.25,0.00,1.20,0.77,0.00
22260,-7.38,0.12,2.50,-0.47,1.22,0.69,0.00
22270,-7.34,0.11,3.75,-0.94,-1.48,-1.28,0.00
22280,-7.31,0.09,2.50,-1.41,1.17,1.03,0.00
22290,-7.29,0.07,2.50,-2.09,-0.89,0.06,0.00
22301,-7.25,0.06,3.75,-1.73,0.43,0.25,0.00
22310,-7.23,0.04,2.50,-1.62,-1.93,-1.02,0.00
22320,-7.21,0.03,1.25,-0.72,-1.08,-0.18,0.00
22330,-7.21,0.02,0.00,-0.89,-1.79,-0.54,0.00
22340,-7.21,0.02,0.00,-0.52,-1.25,-0.10,0.00
22350,-7.21,0.02,0.00,-0.33,-0.48,0.63,0.00
22361,-7.21,0.00,0.00,-1.19,-0.55,0.86,0.00
22371,-7.21,-0.01,0.00,-1.01,-0.76,0.64,0.00
22382,-7.21,-0.02,0.00,-1.05,-2.59,-1.15,0.00
22391,-7.21,-0.03,0.00,-1.34,-2.03,-0.44,0.00
22402,-7.25,-0.04,-3.75,-0.75,-2.45,-0.24,0.00
22411,-7.29,-0.03,-3.75,0.45,-1.65,0.17,0.00
22421,-7.34,-0.03,-5.00,0.52,-2.89,-0.85,0.00
22431,-7.40,-0.02,-6.25,1.13,-2.24,-0.16,0.00
22441,-7.48,-0.00,-7.50,1.29,-2.29,-0.04,0.00
22451,-7.54,0.02,-6.25,2.43,-1.21,0.34,0.00
22461,-7.63,0.04,-8.75,2.11,-2.45,-0.34,0.00
22471,-7.70,0.06,-7.50,1.69,-1.57,0.35,0.00
22481,-7.79,0.07,-8.75,1.34,-2.43,-0.17,0.00
22491,-7.86,0.09,-7.50,1.78,-1.96,-0.16,0.00
22501,-7.95,0.10,-8.75,1.38,-2.40,-0.25,0.00
22511,-8.04,0.12,-8.75,1.80,-1.51,0.45,0.00
22521,-8.13,0.14,-8.75,1.54,-1.47,0.53,0.00
22531,-8.20,0.15,-7.50,1.59,-0.61,1.06,0.00
22542,-8.27,0.16,-7.50,1.13,-1.20,0.58,0.00
22551,-8.34,0.17,-6.25,0.58,-1.67,0.02,0.00
22561,-8.39,0.17,-5.00,-0.17,-0.57,1.10,0.00
22572,-8.45,0.16,-6.25,-1.17,-2.41,-0.11,0.00
22581,-8.50,0.14,-5.00,-1.48,-1.48,0.71,0.00
22591,-8.56,0.13,-6.25,-1.41,-0.64,1.85,0.00
22601,-8.61,0.12,-5.00,-0.75,-1.24,0.81,0.00
22611,-8.66,0.11,-5.00,-0.86,-1.24,0.88,0.00
22621,-8.69,0.10,-2.50,-1.48,-2.27,-0.43,0.00
22631,-8.75,0.08,-6.25,-2.11,-2.72,0.20,0.00
22641,-8.81,0.05,-6.25,-2.41,-3.13,-0.03,0.00
22651,-8.90,0.05,-8.75,-0.61,-3.10,-0.02,0.00
22661,-8.99,0.05,-8.75,0.51,-3.15,-0.44,0.00
22671,-9.11,0.06,-12.50,1.22,-3.57,-0.33,0.00
22681,-9.24,0.08,-12.50,1.71,-2.72,0.31,0.00
22691,-9.38,0.10,-13.75,2.43,-3.19,-0.20,0.00
22702,-9.52,0.13,-15.00,2.64,-3.38,-0.27,0.00
22712,-9.66,0.15,-13.75,2.46,-2.49,0.34,0.00
22723,-9.82,0.19,-16.25,3.11,-3.29,-0.24,0.00
22732,-9.98,0.21,-15.00,2.79,-2.87,-0.06,0.00
22743,-10.13,0.24,-15.00,2.60,-3.38,-0.59,0.00
22752,-10.27,0.27,-15.00,2.91,-1.65,0.95,0.00
22763,-10.44,0.30,-16.25,2.88,-3.08,-0.29,0.00
22772,-10.57,0.33,-13.75,2.95,-3.27,-1.12,0.00
22782,-10.73,0.35,-15.00,2.51,-2.46,0.01,0.00
22792,-10.88,0.38,-15.00,2.36,-1.40,1.06,0.00
22802,-11.01,0.40,-13.75,2.57,-2.99,-0.93,0.00
22812,-11.15,0.43,-13.75,2.43,-1.85,0.18,0.00
22822,-11.29,0.45,-13.75,2.43,-1.30,0.66,0.00
22832,-11.40,0.47,-11.25,1.82,-1.60,-0.03,0.00
22842,-11.51,0.48,-11.25,1.19,-1.90,-0.16,0.00
22852,-11.63,0.48,-11.25,0.26,-2.14,-0.11,0.00
22862,-11.73,0.48,-10.00,-0.14,-1.32,0.59,0.00
22873,-11.84,0.48,-11.25,-0.05,-2.13,0.03,0.00
22884,-11.94,0.48,-10.00,-0.09,-1.77,0.15,0.00
22893,-12.04,0.48,-10.00,0.09,-1.67,0.20,0.00
22903,-12.14,0.48,-10.00,0.23,-1.77,0.06,0.00
22914,-12.24,0.49,-10.00,0.24,-0.62,1.20,0.00
22923,-12.31,0.49,-7.50,0.03,-2.30,-0.92,0.00
22933,-12.39,0.48,-7.50,-0.28,-1.80,-0.31,0.00
22943,-12.49,0.48,-10.00,-0.52,-1.37,0.75,0.00
22953,-12.57,0.47,-8.75,-0.47,-1.88,-0.01,0.00
22963,-12.65,0.48,-7.50,0.24,-1.90,-0.53,0.00
22973,-12.74,0.48,-8.75,0.02,-3.01,-1.30,0.00
22984,-12.84,0.48,-10.00,0.02,-0.97,1.01,0.00
22993,-12.96,0.48,-12.50,0.73,-1.75,0.52,0.00
23003,-13.05,0.50,-8.75,1.45,-0.83,0.38,0.00
23013,-13.14,0.51,-8.75,1.50,-1.97,-0.83,0.00
23023,-13.21,0.52,-7.50,0.61,-1.07,0.08,0.00
23033,-13.31,0.52,-10.00,0.00,-2.26,-0.38,0.00
23044,-13.39,0.52,-7.50,0.10,-1.20,0.13,0.00
23053,-13.48,0.52,-8.75,0.26,-1.08,0.45,0.00
23063,-13.55,0.53,-7.50,0.40,-1.46,-0.24,0.00
23073,-13.63,0.53,-7.50,0.37,-1.13,0.10,0.00
23084,-13.71,0.53,-8.75,0.03,-1.73,-0.12,0.00
23093,-13.77,0.53,-6.25,0.10,-1.34,-0.29,0.00
23104,-13.85,0.53,-7.50,0.00,-0.91,0.45,0.00
23113,-13.93,0.53,-7.50,0.17,-1.82,-0.52,0.00
23123,-13.99,0.54,-6.25,0.31,-1.36,-0.36,0.00
23133,-14.06,0.54,-7.50,0.10,-1.87,-0.54,0.00
23143,-14.14,0.54,-7.50,0.72,-1.45,-0.34,0.00
23153,-14.21,0.56,-7.50,1.06,-0.99,-0.02,0.00
23163,-14.29,0.57,-7.50,1.40,-1.31,-0.49,0.00
23173,-14.35,0.58,-6.25,1.24,0.85,0.62,0.00
23183,-14.41,0.59,-6.25,1.03,0.46,0.27,0.00
23193,-14.44,0.60,-2.50,0.45,-1.14,-1.15,0.00
23203,-14.44,0.59,0.00,-1.03,-1.15,-1.17,0.00
23214,-14.45,0.56,-1.25,-2.67,1.06,1.12,0.00
23224,-14.44,0.53,1.25,-2.69,-0.64,-0.20,0.00
23234,-14.43,0.50,1.25,-2.81,0.55,0.32,0.00
23245,-14.43,0.48,0.00,-2.86,-0.93,0.02,0.00
23255,-14.43,0.45,0.00,-2.67,0.70,0.88,0.00
23265,-14.43,0.42,0.00,-2.60,-1.52,-0.47,0.00
23274,-14.41,0.40,1.25,-2.22,-0.65,0.09,0.00
23284,-14.41,0.38,0.00,-2.30,-1.06,0.06,0.00
23294,-14.41,0.36,0.00,-1.82,-1.12,-0.10,0.00
23305,-14.41,0.34,0.00,-1.99,-1.29,-0.14,0.00
23314,-14.41,0.32,0.00,-1.94,-1.91,-0.72,0.00
23324,-14.41,0.30,0.00,-1.78,-1.91,-0.70,0.00
23334,-14.41,0.28,0.00,-1.88,-1.40,-0.10,0.00
23344,-14.44,0.27,-2.50,-1.66,-2.02,-0.20,0.00
23354,-14.49,0.26,-5.00,-1.13,-1.04,1.18,0.00
23364,-14.54,0.25,-5.00,-0.12,-2.53,-0.62,0.00
23374,-14.59,0.26,-5.00,0.84,-1.12,0.45,0.00
23385,-14.65,0.27,-6.25,1.01,-1.67,0.08,0.00
23395,-14.71,0.29,-6.25,1.78,-1.54,-0.10,0.00
23405,-14.79,0.31,-7.50,1.57,-1.82,-0.09,0.00
23415,-14.86,0.32,-7.50,1.64,-1.32,0.34,0.00
23427,-14.94,0.34,-7.50,2.08,-1.66,-0.21,0.00
23435,-15.00,0.36,-6.25,2.08,-1.31,-0.19,0.00
23446,-15.07,0.39,-7.50,2.08,-1.10,0.22,0.00
23455,-15.15,0.41,-7.50,1.99,-1.82,-0.54,0.00
23465,-15.23,0.43,-7.50,1.99,-1.33,-0.11,0.00
23475,-15.29,0.44,-6.25,1.94,-1.10,-0.19,0.00
23485,-15.36,0.47,-7.50,2.08,-1.94,-0.87,0.00
23495,-15.44,0.49,-7.50,1.99,-1.79,-0.77,0.00
23505,-15.51,0.51,-7.50,1.99,0.48,0.65,0.00
23515,-15.59,0.53,-7.50,2.72,-0.90,-0.26,0.00
23526,-15.61,0.56,-2.50,2.79,2.10,0.78,0.00
23535,-15.64,0.57,-2.50,1.27,0.86,-0.02,0.00
23546,-15.63,0.56,1.25,-0.94,1.07,0.14,0.00
23555,-15.63,0.54,0.00,-2.51,-0.69,0.04,0.00
23565,-15.61,0.52,1.25,-2.22,-0.51,-0.07,0.00
23575,-15.61,0.50,0.00,-1.90,-1.41,-0.73,0.00
23586,-15.61,0.48,0.00,-1.43,-0.68,-0.11,0.00
23596,-15.61,0.48,0.00,-0.77,-0.64,-0.25,0.00
23605,-15.61,0.47,0.00,-0.49,0.42,-0.06,0.00
23615,-15.61,0.46,0.00,-0.91,-0.84,-0.36,0.00
23625,-15.61,0.45,0.00,-0.68,-0.63,-0.20,0.00
23635,-15.61,0.45,0.00,-0.51,0.59,0.19,0.00
23645,-15.61,0.45,0.00,-0.42,-0.84,-0.46,0.00
23655,-15.61,0.44,0.00,-0.47,-0.59,-0.17,0.00
23666,-15.61,0.44,0.00,-0.24,-0.98,-0.63,0.00
23675,-15.61,0.44,0.00,0.00,-0.72,-0.44,0.00
23686,-15.63,0.44,-1.25,0.30,0.65,0.28,0.00
23695,-15.63,0.45,0.00,0.72,2.19,1.40,0.00
23705,-15.63,0.46,0.00,0.72,1.52,0.70,0.00
23715,-15.63,0.46,0.00,0.00,1.35,0.76,0.00
23726,-15.63,0.45,0.00,-0.07,-0.82,-0.59,0.00
23736,-15.64,0.46,-1.25,0.12,0.80,0.43,0.00
23746,-15.65,0.46,-1.25,0.30,-0.99,-0.62,0.00
23756,-15.65,0.46,0.00,0.54,0.80,0.02,0.00
23768,-15.65,0.47,0.00,0.86,1.14,0.22,0.00
23776,-15.65,0.48,0.00,0.79,0.85,-0.07,0.00
23786,-15.65,0.48,0.00,0.21,0.87,0.12,0.00
23796,-15.65,0.49,0.00,0.54,0.67,-0.20,0.00
23806,-15.65,0.50,0.00,0.79,1.06,0.08,0.00
23816,-15.65,0.51,0.00,0.96,1.28,0.22,0.00
23826,-15.65,0.51,0.00,0.70,0.82,-0.19,0.00
23836,-15.63,0.52,2.50,0.42,2.16,0.70,0.00
23847,-15.60,0.52,2.50,0.21,0.55,-0.86,0.00
23856,-15.57,0.51,2.50,-0.42,1.33,0.14,0.00
23866,-15.55,0.50,2.50,-1.33,-0.43,-0.49,0.00
23876,-15.50,0.49,5.00,-0.93,0.67,-0.81,0.00
23886,-15.49,0.49,1.25,-0.63,1.00,0.23,0.00
23897,-15.46,0.49,2.50,0.21,1.62,0.31,0.00
23907,-15.44,0.50,2.50,0.75,1.49,-0.02,0.00
23917,-15.39,0.51,5.00,0.96,1.88,-0.26,0.00
23927,-15.35,0.50,3.75,-0.02,1.47,-0.10,0.00
23938,-15.30,0.49,5.00,-1.05,1.34,-0.13,0.00
23948,-15.24,0.48,6.25,-1.31,1.46,-0.14,0.00
23957,-15.19,0.47,5.00,-1.34,1.71,0.42,0.00
23967,-15.13,0.46,6.25,-1.24,1.65,0.10,0.00
23977,-15.06,0.44,6.25,-1.48,1.96,0.54,0.00
23988,-15.00,0.43,6.25,-1.55,1.30,-0.05,0.00
23997,-14.91,0.41,8.75,-1.82,1.16,-0.58,0.00
24007,-14.86,0.39,5.00,-2.02,0.91,0.09,0.00
24017,-14.79,0.37,7.50,-2.08,1.47,0.21,0.00
24027,-14.74,0.35,5.00,-2.04,0.52,-0.16,0.00
24037,-14.69,0.33,5.00,-1.34,0.97,0.11,0.00
24047,-14.64,0.32,5.00,-0.84,1.55,0.55,0.00
24057,-14.59,0.32,5.00,-0.10,2.03,0.80,0.00
24067,-14.54,0.32,5.00,-0.10,0.86,-0.38,0.00
24077,-14.46,0.32,7.50,-0.14,2.80,1.05,0.00
24087,-14.40,0.30,6.25,-1.71,0.45,-0.48,0.00
24097,-14.31,0.28,8.75,-1.90,2.98,1.64,0.00
24109,-14.25,0.26,6.25,-2.79,-1.25,-0.89,0.00
24117,-14.16,0.23,8.75,-2.95,1.00,0.18,0.00
24127,-14.14,0.20,2.50,-2.83,-1.68,-0.32,0.00
24137,-14.11,0.18,2.50,-1.88,-0.55,0.57,0.00
24147,-14.11,0.18,0.00,0.21,-0.74,0.22,0.00
24157,-14.11,0.21,0.00,2.50,-0.43,-0.28,0.00
24167,-14.13,0.23,-1.25,2.50,-0.46,-0.14,0.00
24177,-14.13,0.25,0.00,2.16,0.58,-0.13,0.00
24188,-14.14,0.27,-1.25,1.95,-0.59,-0.24,0.00
24197,-14.14,0.29,0.00,1.95,1.92,1.15,0.00
24207,-14.14,0.31,0.00,1.57,-0.70,-0.61,0.00
24217,-14.14,0.32,0.00,1.38,0.82,0.12,0.00
24227,-14.15,0.34,-1.25,1.64,-0.61,-0.38,0.00
24238,-14.15,0.35,0.00,1.48,1.00,0.16,0.00
24248,-14.15,0.37,0.00,1.57,1.10,0.18,0.00
24258,-14.15,0.39,0.00,1.68,0.96,-0.05,0.00
24268,-14.15,0.40,0.00,1.48,1.13,0.13,0.00
24279,-14.14,0.42,1.25,1.54,1.96,0.62,0.00
24289,-14.13,0.43,1.25,1.54,1.20,-0.19,0.00
24298,-14.09,0.44,3.75,1.01,1.39,-0.40,0.00
24308,-14.04,0.44,5.00,-0.02,1.87,0.15,0.00
24318,-14.00,0.43,3.75,-0.70,1.43,0.21,0.00
24329,-13.95,0.42,5.00,-0.93,0.86,-0.53,0.00
24338,-13.89,0.41,6.25,-1.41,2.24,0.79,0.00
24348,-13.84,0.40,5.00,-1.41,1.79,0.65,0.00
24358,-13.76,0.38,7.50,-1.38,1.65,0.01,0.00
24369,-13.69,0.36,7.50,-1.92,2.58,1.18,0.00
24378,-13.60,0.34,8.75,-2.15,1.57,0.05,0.00
24388,-13.50,0.32,10.00,-2.55,0.48,-1.10,0.00
24398,-13.43,0.28,7.50,-3.18,0.45,-0.30,0.00
24409,-13.38,0.25,5.00,-3.28,-1.65,-0.93,0.00
24419,-13.32,0.23,5.00,-2.16,-0.74,-0.30,0.00
24430,-13.29,0.23,3.75,-0.03,1.01,0.22,0.00
24439,-13.29,0.25,0.00,1.94,-1.34,-1.23,0.00
24450,-13.29,0.27,0.00,2.51,0.44,-0.53,0.00
24459,-13.31,0.30,-2.50,2.50,-1.12,-0.85,0.00
24470,-13.31,0.33,0.00,2.98,0.97,-0.34,0.00
24479,-13.32,0.36,-1.25,2.79,0.84,-0.24,0.00
24489,-13.34,0.38,-1.25,2.64,2.47,1.34,0.00
24499,-13.34,0.41,0.00,2.57,1.37,-0.09,0.00
24510,-13.34,0.43,0.00,2.50,0.63,-0.88,0.00
24519,-13.34,0.46,0.00,2.09,1.07,-0.40,0.00
24529,-13.34,0.47,0.00,1.87,1.35,-0.11,0.00
24539,-13.34,0.49,0.00,2.02,1.16,-0.41,0.00
24549,-13.34,0.52,0.00,2.11,2.60,0.92,0.00
24559,-13.34,0.54,0.00,2.13,2.46,0.70,0.00
24569,-13.34,0.56,0.00,2.29,0.84,-1.05,0.00
24579,-13.34,0.58,0.00,2.44,0.98,-1.04,0.00
24589,-13.34,0.61,0.00,2.36,2.09,0.01,0.00
24599,-13.31,0.63,2.50,2.06,2.11,-0.47,0.00
24609,-13.29,0.64,2.50,1.52,2.42,-0.05,0.00
24620,-13.23,0.65,6.25,0.59,3.21,0.22,0.00
24629,-13.15,0.65,7.50,-0.38,3.63,0.70,0.00
24639,-13.06,0.63,8.75,-1.20,3.52,0.63,0.00
24649,-12.93,0.61,13.75,-2.36,2.59,-0.91,0.00
24659,-12.79,0.57,13.75,-4.28,2.91,0.16,0.00
24669,-12.65,0.52,13.75,-4.42,2.70,0.13,0.00
24679,-12.51,0.48,13.75,-4.35,1.31,-1.14,0.00
24689,-12.38,0.44,13.75,-4.36,3.16,0.86,0.00
24699,-12.25,0.39,12.50,-4.14,1.89,-0.09,0.00
24709,-12.11,0.35,13.75,-4.00,3.20,1.04,0.00
24719,-11.99,0.32,12.50,-3.87,1.92,0.11,0.00
24729,-11.84,0.28,15.00,-3.40,2.39,0.01,0.00
24739,-11.71,0.24,12.50,-3.67,1.13,-0.53,0.00
24750,-11.57,0.21,13.75,-3.67,1.93,0.13,0.00
24760,-11.46,0.17,11.25,-3.96,0.63,-0.43,0.00
24770,-11.36,0.13,10.00,-3.65,1.88,1.11,0.00
24780,-11.29,0.10,7.50,-2.86,-0.54,-0.14,0.00
24791,-11.19,0.09,10.00,-1.82,1.46,0.25,0.00
24800,-11.16,0.07,2.50,-1.38,-0.42,0.65,0.00
24810,-11.14,0.08,2.50,0.86,0.60,0.13,0.00
24820,-11.11,0.10,2.50,2.44,0.88,-0.20,0.00
24830,-11.11,0.13,0.00,2.84,1.04,0.27,0.00
24840,-11.11,0.16,0.00,2.44,0.65,-0.09,0.00
24850,-11.11,0.18,0.00,2.27,1.57,0.82,0.00
24860,-11.11,0.20,0.00,2.36,0.80,-0.07,0.00
24870,-11.11,0.23,0.00,2.22,0.80,-0.10,0.00
24880,-11.11,0.25,0.00,2.09,0.73,-0.21,0.00
24891,-11.11,0.27,0.00,2.02,1.70,0.72,0.00
24900,-11.11,0.29,0.00,2.01,1.23,0.18,0.00
24911,-11.11,0.31,0.00,1.94,1.05,-0.05,0.00
24921,-11.11,0.33,0.00,1.94,1.61,0.45,0.00
24931,-11.11,0.34,0.00,1.90,0.98,-0.24,0.00
24941,-11.11,0.36,0.00,1.83,1.12,-0.14,0.00
24952,-11.10,0.38,1.25,1.80,1.78,0.21,0.00
24962,-11.07,0.40,2.50,1.75,2.82,0.94,0.00
24971,-11.02,0.41,5.00,1.05,1.93,-0.29,0.00
24981,-10.95,0.41,7.50,-0.30,3.52,1.21,0.00
24992,-10.88,0.39,7.50,-1.87,1.43,-0.32,0.00
25001,-10.76,0.36,11.25,-2.86,1.90,-0.23,0.00
25011,-10.68,0.32,8.75,-4.33,1.03,0.03,0.00
25021,-10.59,0.27,8.75,-4.31,1.09,0.23,0.00
25031,-10.50,0.23,8.75,-3.87,0.64,-0.23,0.00
25041,-10.44,0.20,6.25,-2.95,-0.79,-0.53,0.00
25051,-10.36,0.19,7.50,-1.82,1.64,0.52,0.00
25061,-10.34,0.18,2.50,-0.84,-0.45,-0.00,0.00
25071,-10.29,0.18,5.00,-0.16,1.92,0.83,0.00
25081,-10.25,0.17,3.75,-0.42,0.56,-0.17,0.00
25091,-10.20,0.17,5.00,-0.68,0.87,-0.02,0.00
25101,-10.18,0.15,2.50,-1.12,-0.58,0.03,0.00
25111,-10.13,0.14,5.00,-1.06,1.43,0.73,0.00
25121,-10.13,0.14,0.00,-0.35,-1.11,-0.17,0.00
25133,-10.13,0.15,0.00,1.10,0.65,0.28,0.00
25141,-10.14,0.17,-1.25,1.61,0.53,0.21,0.00
25152,-10.14,0.18,0.00,1.61,-0.96,-0.80,0.00
25161,-10.14,0.19,0.00,1.12,0.96,0.44,0.00
25171,-10.15,0.20,-1.25,0.84,-1.28,-0.68,0.00
25181,-10.15,0.21,0.00,0.98,-1.05,-0.79,0.00
25191,-10.18,0.22,-2.50,1.01,-0.62,0.12,0.00
25201,-10.18,0.24,0.00,1.57,1.06,0.24,0.00
25211,-10.19,0.25,-1.25,1.17,-0.63,-0.30,0.00
25221,-10.19,0.26,0.00,0.82,-0.89,-0.74,0.00
25231,-10.19,0.26,0.00,0.56,0.66,0.08,0.00
25241,-10.20,0.27,-1.25,0.66,-0.59,-0.17,0.00
25251,-10.20,0.28,0.00,0.68,1.52,0.85,0.00
25262,-10.20,0.28,0.00,0.30,1.05,0.49,0.00
25272,-10.18,0.28,2.50,0.17,1.44,0.38,0.00
25282,-10.14,0.28,3.75,-0.05,0.90,-0.34,0.00
25292,-10.11,0.27,2.50,-1.26,0.65,0.10,0.00
25303,-10.07,0.25,3.75,-2.11,-0.89,-0.56,0.00
25312,-10.05,0.23,2.50,-2.22,-0.72,-0.02,0.00
25322,-10.04,0.21,1.25,-1.94,-0.96,-0.02,0.00
25332,-10.04,0.20,0.00,-0.45,0.60,0.54,0.00
25342,-10.02,0.20,1.25,0.00,-0.62,-0.29,0.00
25352,-10.02,0.20,0.00,-0.37,-1.56,-0.84,0.00
25362,-10.02,0.19,0.00,-0.35,-0.85,-0.12,0.00
25372,-10.02,0.19,0.00,-0.21,-1.00,-0.30,0.00
25382,-10.02,0.19,0.00,-0.52,-1.24,-0.43,0.00
25392,-10.02,0.18,0.00,-0.51,-1.29,-0.46,0.00
25402,-10.02,0.18,0.00,-0.47,-0.54,0.29,0.00
25412,-10.02,0.17,0.00,-0.68,-0.55,0.37,0.00
25422,-10.02,0.16,0.00,-0.65,-1.05,-0.11,0.00
25433,-10.04,0.16,-1.25,-0.63,-1.47,-0.26,0.00
25443,-10.04,0.15,0.00,-0.59,-1.18,-0.22,0.00
25453,-10.05,0.15,-1.25,0.12,-1.16,-0.17,0.00
25463,-10.07,0.15,-2.50,0.16,-1.03,0.21,0.00
25474,-10.11,0.16,-3.75,0.12,-1.59,-0.08,0.00
25483,-10.13,0.16,-1.25,0.19,-1.08,-0.12,0.00
25493,-10.15,0.16,-2.50,0.12,-1.87,-0.63,0.00
25503,-10.19,0.17,-3.75,0.63,-1.27,0.06,0.00
25513,-10.23,0.17,-3.75,0.68,-0.91,0.38,0.00
25523,-10.27,0.18,-5.00,1.08,-0.65,0.74,0.00
25533,-10.31,0.19,-3.75,0.65,0.45,0.90,0.00
25543,-10.34,0.19,-2.50,0.10,-0.74,0.41,0.00
25553,-10.34,0.19,0.00,-0.40,0.91,0.91,0.00
25563,-10.35,0.17,-1.25,-1.17,-1.02,0.34,0.00
25573,-10.34,0.16,1.25,-1.85,-1.78,-0.66,0.00
25583,-10.34,0.13,0.00,-2.37,-1.36,0.27,0.00
25594,-10.34,0.11,0.00,-2.55,-1.62,0.16,0.00
25603,-10.34,0.09,0.00,-2.13,-1.35,0.36,0.00
25613,-10.34,0.07,0.00,-1.99,-2.31,-0.57,0.00
25623,-10.34,0.04,0.00,-2.51,-1.61,0.38,0.00
25634,-10.34,0.01,0.00,-2.67,-2.37,-0.23,0.00
25644,-10.34,-0.01,0.00,-2.41,-1.53,0.61,0.00
25653,-10.34,-0.04,0.00,-2.64,-3.20,-0.90,0.00
25663,-10.34,-0.07,0.00,-2.91,-2.37,0.13,0.00
25673,-10.34,-0.10,0.00,-3.02,-3.17,-0.54,0.00
25683,-10.34,-0.13,0.00,-3.25,-2.88,-0.06,0.00
25694,-10.34,-0.16,0.00,-3.42,-2.95,0.05,0.00
25703,-10.34,-0.20,0.00,-3.60,-3.24,-0.07,0.00
25714,-10.35,-0.24,-1.25,-3.86,-3.26,0.39,0.00
25723,-10.40,-0.27,-5.00,-3.46,-3.95,0.49,0.00
25733,-10.46,-0.29,-6.25,-2.32,-4.05,0.38,0.00
25743,-10.55,-0.30,-8.75,-0.58,-4.15,0.27,0.00
25753,-10.68,-0.29,-12.50,1.40,-3.93,0.61,0.00
25763,-10.82,-0.26,-15.00,2.30,-4.86,-0.15,0.00
25774,-10.99,-0.23,-16.25,2.91,-5.42,-0.74,0.00
25784,-11.18,-0.20,-18.75,3.70,-5.27,-0.41,0.00
25794,-11.40,-0.15,-22.50,4.85,-4.96,0.16,0.00
25804,-11.63,-0.09,-22.50,6.18,-4.94,-0.45,0.00
25816,-11.88,-0.02,-25.00,6.86,-3.86,0.73,0.00
25824,-12.10,0.05,-22.50,7.12,-4.27,-0.52,0.00
25835,-12.36,0.13,-26.25,7.31,-4.61,-0.36,0.00
25844,-12.61,0.20,-25.00,7.03,-3.16,0.68,0.00
25854,-12.88,0.26,-26.25,6.39,-3.87,0.25,0.00
25864,-13.09,0.33,-21.25,6.67,-3.10,-0.34,0.00
25874,-13.32,0.39,-23.75,6.46,-3.36,-0.21,0.00
25884,-13.55,0.45,-22.50,5.97,-2.48,0.37,0.00
25894,-13.76,0.51,-21.25,5.62,-2.73,-0.20,0.00
25904,-13.95,0.56,-18.75,4.92,-1.84,0.23,0.00
25914,-14.15,0.60,-20.00,4.07,-2.44,0.05,0.00
25924,-14.31,0.63,-16.25,3.60,-1.31,0.43,0.00
25934,-14.48,0.66,-16.25,2.91,-0.86,1.01,0.00
25945,-14.63,0.69,-15.00,2.55,-1.41,0.24,0.00
25956,-14.75,0.70,-12.50,0.96,-1.02,0.59,0.00
25965,-14.86,0.70,-11.25,0.02,-1.75,-0.10,0.00
25976,-14.95,0.69,-8.75,-0.38,-1.12,0.16,0.00
25986,-15.05,0.69,-10.00,-0.79,-1.57,0.13,0.00
25995,-15.13,0.68,-7.50,-0.65,-1.26,-0.10,0.00
26005,-15.21,0.67,-8.75,-0.87,-1.71,-0.17,0.00
26016,-15.30,0.66,-8.75,-0.93,-0.84,0.76,0.00
26025,-15.39,0.66,-8.75,-0.54,-1.85,-0.35,0.00
26036,-15.45,0.65,-6.25,-0.35,-1.35,-0.42,0.00
26045,-15.54,0.65,-8.75,-0.68,-1.97,-0.38,0.00
26055,-15.63,0.64,-8.75,-0.28,-1.94,-0.45,0.00
26065,-15.71,0.64,-8.75,-0.09,-1.63,-0.20,0.00
26076,-15.80,0.65,-8.75,0.65,-1.01,0.17,0.00
26085,-15.88,0.66,-7.50,0.82,-1.57,-0.72,0.00
26095,-15.96,0.66,-8.75,0.77,-0.90,0.21,0.00
26105,-16.04,0.67,-7.50,0.61,0.68,0.75,0.00
26116,-16.09,0.68,-5.00,0.75,-0.47,-0.18,0.00
26125,-16.12,0.67,-3.75,-0.45,0.43,0.05,0.00
26135,-16.15,0.65,-2.50,-2.16,-1.43,-0.64,0.00
26145,-16.15,0.62,0.00,-2.93,-1.07,-0.45,0.00
26156,-16.15,0.59,0.00,-3.33,-1.66,-0.80,0.00
26165,-16.15,0.56,0.00,-3.12,-1.51,-0.61,0.00
26175,-16.15,0.53,0.00,-2.67,0.74,0.79,0.00
26185,-16.15,0.50,0.00,-2.60,-0.65,0.27,0.00
26195,-16.14,0.48,1.25,-2.50,0.85,0.76,0.00
26205,-16.14,0.46,0.00,-2.37,-1.78,-0.77,0.00
26216,-16.14,0.43,0.00,-2.30,-1.10,-0.02,0.00
26225,-16.14,0.41,0.00,-2.27,-2.37,-1.23,0.00
26235,-16.14,0.39,0.00,-2.08,-0.87,0.28,0.00
26245,-16.14,0.37,0.00,-2.04,0.42,0.83,0.00
26255,-16.14,0.35,0.00,-2.01,-1.28,-0.01,0.00
26265,-16.14,0.33,0.00,-1.95,-1.00,0.33,0.00
26275,-16.15,0.31,-1.25,-1.95,-2.76,-1.10,0.00
26286,-16.19,0.29,-3.75,-1.62,-2.25,-0.11,0.00
26297,-16.25,0.29,-6.25,-0.86,-1.93,0.52,0.00
26306,-16.31,0.29,-6.25,0.52,-2.06,-0.07,0.00
26316,-16.39,0.31,-7.50,2.29,-2.33,-0.70,0.00
26327,-16.46,0.34,-7.50,2.29,-1.39,0.16,0.00
26336,-16.55,0.36,-8.75,2.72,-1.36,0.22,0.00
26346,-16.62,0.40,-7.50,3.28,-1.35,-0.32,0.00
26356,-16.69,0.43,-6.25,3.04,-0.59,0.16,0.00
26366,-16.76,0.45,-7.50,2.43,-1.03,0.10,0.00
26376,-16.82,0.47,-6.25,1.87,-1.58,-0.60,0.00
26386,-16.87,0.48,-5.00,1.36,-1.15,-0.31,0.00
26397,-16.94,0.50,-6.25,1.48,-1.24,-0.23,0.00
26406,-17.00,0.52,-6.25,2.04,-0.51,0.26,0.00
26416,-17.05,0.54,-5.00,1.71,-0.50,0.06,0.00
26426,-17.09,0.55,-3.75,1.57,-1.04,-0.75,0.00
26436,-17.12,0.56,-3.75,1.10,-0.50,-0.09,0.00
26446,-17.16,0.57,-3.75,0.87,0.49,0.14,0.00
26458,-17.19,0.58,-2.50,1.05,1.23,0.53,0.00
26467,-17.19,0.59,0.00,0.45,1.38,0.33,0.00
26478,-17.17,0.58,1.25,-0.79,1.62,0.73,0.00
26487,-17.15,0.57,2.50,-1.06,0.57,-0.46,0.00
26498,-17.12,0.55,2.50,-1.71,0.83,0.07,0.00
26507,-17.12,0.53,0.00,-2.01,-0.98,-0.26,0.00
26517,-17.10,0.52,2.50,-1.34,0.76,-0.00,0.00
26527,-17.10,0.51,0.00,-0.77,-0.43,-0.03,0.00
26537,-17.09,0.50,1.25,-0.63,0.68,-0.00,0.00
26547,-17.09,0.50,0.00,-0.23,-0.58,-0.32,0.00
26557,-17.09,0.50,0.00,0.00,0.97,0.36,0.00
26567,-17.09,0.50,0.00,0.09,0.87,0.23,0.00
26577,-17.07,0.50,1.25,0.23,0.61,-0.35,0.00
26587,-17.07,0.51,0.00,0.17,0.69,0.00,0.00
26597,-17.07,0.50,0.00,-0.09,-0.63,-0.43,0.00
26607,-17.06,0.51,1.25,0.03,0.66,-0.25,0.00
26617,-17.07,0.51,-1.25,0.10,-0.82,-0.42,0.00
26627,-17.07,0.51,0.00,0.47,0.78,-0.02,0.00
26637,-17.07,0.52,0.00,0.80,-0.45,-0.59,0.00
26647,-17.07,0.53,0.00,1.01,-0.78,-1.02,0.00
26658,-17.09,0.54,-1.25,0.98,1.54,0.74,0.00
26668,-17.10,0.55,-1.25,1.15,0.89,0.00,0.00
26677,-17.11,0.56,-1.25,1.43,1.10,0.06,0.00
26687,-17.11,0.58,0.00,1.38,1.74,0.42,0.00
26697,-17.11,0.59,0.00,1.41,1.02,-0.36,0.00
26707,-17.11,0.61,0.00,1.55,0.57,-0.91,0.00
26717,-17.11,0.62,0.00,1.40,1.55,0.07,0.00
26727,-17.11,0.64,0.00,1.38,2.34,0.82,0.00
26737,-17.11,0.65,0.00,1.55,1.52,-0.11,0.00
26747,-17.11,0.67,0.00,1.66,1.58,-0.15,0.00
26757,-17.09,0.69,2.50,1.90,2.00,-0.40,0.00
26767,-17.07,0.71,1.25,1.82,2.57,0.40,0.00
26777,-17.04,0.72,3.75,1.12,2.51,-0.01,0.00
26787,-16.99,0.72,5.00,-0.05,2.62,0.21,0.00
26798,-16.90,0.70,8.75,-1.08,2.52,-0.32,0.00
26808,-16.81,0.69,8.75,-1.54,2.67,0.02,0.00
26818,-16.71,0.67,10.00,-2.18,3.17,0.53,0.00
26828,-16.61,0.64,10.00,-2.53,2.42,-0.02,0.00
26839,-16.49,0.61,12.50,-3.00,2.85,0.13,0.00
26848,-16.37,0.58,11.25,-3.40,1.92,-0.31,0.00
26858,-16.25,0.55,12.50,-3.19,2.60,0.14,0.00
26868,-16.12,0.51,12.50,-3.30,2.08,-0.23,0.00
26878,-16.01,0.48,11.25,-3.04,2.01,-0.03,0.00
26888,-15.90,0.45,11.25,-3.12,2.07,0.16,0.00
26898,-15.77,0.42,12.50,-2.74,2.33,0.11,0.00
26908,-15.68,0.40,10.00,-2.25,1.73,-0.04,0.00
26918,-15.55,0.38,12.50,-1.92,2.65,0.30,0.00
26928,-15.44,0.36,11.25,-2.11,2.32,0.35,0.00
26938,-15.31,0.34,12.50,-1.99,2.12,-0.08,0.00
26948,-15.20,0.32,11.25,-2.30,1.41,-0.36,0.00
26958,-15.09,0.29,11.25,-2.53,1.69,0.07,0.00
26969,-14.98,0.27,11.25,-2.58,1.14,-0.38,0.00
26980,-14.89,0.25,8.75,-2.16,1.53,0.46,0.00
26989,-14.80,0.23,8.75,-1.22,1.04,-0.29,0.00
26999,-14.71,0.23,8.75,-0.63,1.30,-0.20,0.00
27010,-14.64,0.22,7.50,-0.51,1.09,-0.18,0.00
27019,-14.56,0.22,7.50,0.02,2.06,0.61,0.00
27029,-14.50,0.22,6.25,0.12,1.46,0.23,0.00
27039,-14.41,0.22,8.75,0.00,2.59,0.87,0.00
27049,-14.32,0.22,8.75,-0.30,1.56,-0.06,0.00
27059,-14.24,0.21,8.75,-0.61,1.52,0.01,0.00
27069,-14.15,0.20,8.75,-1.59,0.81,-0.34,0.00
27079,-14.07,0.18,7.50,-1.92,0.95,0.23,0.00
27089,-14.01,0.16,6.25,-2.27,-1.11,-0.59,0.00
27100,-13.96,0.14,5.00,-1.41,0.61,0.37,0.00
27109,-13.94,0.15,2.50,0.59,-0.97,-0.55,0.00
27119,-13.94,0.18,0.00,2.83,-0.81,-0.68,0.00
27129,-13.94,0.22,0.00,3.86,1.14,0.01,0.00
27140,-13.95,0.25,-1.25,3.79,1.08,0.10,0.00
27149,-13.95,0.29,0.00,3.58,1.89,0.59,0.00
27159,-13.95,0.32,0.00,3.33,1.55,0.21,0.00
27169,-13.95,0.35,0.00,3.12,1.33,-0.05,0.00
27181,-13.95,0.38,0.00,2.88,0.88,-0.53,0.00
27189,-13.95,0.41,0.00,2.79,1.30,-0.18,0.00
27199,-13.95,0.44,0.00,2.76,1.78,0.22,0.00
27209,-13.95,0.47,0.00,3.07,2.51,0.74,0.00
27219,-13.95,0.50,0.00,3.37,2.48,0.50,0.00
27229,-13.95,0.54,0.00,3.46,2.39,0.26,0.00
27239,-13.95,0.57,0.00,3.47,2.26,0.00,0.00
27249,-13.94,0.61,1.25,3.39,2.48,-0.13,0.00
27259,-13.91,0.64,2.50,3.23,3.00,0.07,0.00
27269,-13.85,0.66,6.25,2.39,3.49,-0.06,0.00
27280,-13.75,0.67,10.00,0.42,3.74,0.02,0.00
27289,-13.65,0.65,10.00,-1.59,3.34,0.30,0.00
27299,-13.51,0.62,13.75,-2.76,3.17,-0.19,0.00
27310,-13.36,0.59,15.00,-3.73,3.01,-0.19,0.00
27320,-13.21,0.54,15.00,-4.35,2.16,-0.71,0.00
27330,-13.05,0.50,16.25,-4.56,2.78,-0.14,0.00
27340,-12.90,0.45,15.00,-4.31,2.72,0.13,0.00
27351,-12.75,0.41,15.00,-4.08,3.05,0.51,0.00
27361,-12.61,0.37,13.75,-4.00,1.84,-0.33,0.00
27370,-12.45,0.33,16.25,-4.07,2.78,0.22,0.00
27380,-12.31,0.29,13.75,-4.10,1.85,-0.03,0.00
27390,-12.16,0.25,15.00,-3.79,1.63,-0.50,0.00
27400,-12.04,0.22,12.50,-3.54,1.53,-0.04,0.00
27410,-11.91,0.19,12.50,-2.83,1.38,-0.33,0.00
27420,-11.80,0.17,11.25,-2.22,1.59,0.02,0.00
27430,-11.70,0.15,10.00,-1.68,1.97,0.53,0.00
27440,-11.61,0.14,8.75,-1.29,1.33,0.07,0.00
27450,-11.52,0.13,8.75,-1.10,0.57,-0.72,0.00
27460,-11.44,0.11,8.75,-1.61,-0.79,-1.07,0.00
27470,-11.36,0.10,7.50,-0.87,1.21,0.18,0.00
27482,-11.35,0.10,1.25,0.24,-0.88,-0.16,0.00
27491,-11.34,0.12,1.25,2.11,0.83,0.08,0.00
27501,-11.34,0.16,0.00,3.73,0.99,-0.15,0.00
27511,-11.34,0.20,0.00,3.89,1.35,0.02,0.00
27523,-11.34,0.24,0.00,3.44,0.91,-0.39,0.00
27531,-11.34,0.27,0.00,3.30,1.08,-0.29,0.00
27541,-11.34,0.30,0.00,3.02,2.73,1.34,0.00
27551,-11.34,0.33,0.00,2.81,0.94,-0.48,0.00
27561,-11.34,0.35,0.00,2.72,0.63,-0.86,0.00
27571,-11.34,0.38,0.00,2.65,1.52,-0.05,0.00
27581,-11.34,0.41,0.00,2.62,1.06,-0.58,0.00
27591,-11.34,0.43,0.00,2.58,1.66,-0.06,0.00
27601,-11.34,0.46,0.00,2.93,1.92,-0.01,0.00
27611,-11.34,0.49,0.00,3.21,2.68,0.54,0.00
27622,-11.32,0.53,1.25,3.37,2.49,-0.08,0.00
27631,-11.26,0.56,6.25,3.33,3.93,0.20,0.00
27641,-11.19,0.58,7.50,2.02,3.56,-0.09,0.00
27651,-11.09,0.57,10.00,-0.75,3.93,0.66,0.00
27661,-10.98,0.54,11.25,-3.51,1.88,-0.65,0.00
27671,-10.82,0.49,15.00,-4.42,3.55,0.66,0.00
27681,-10.69,0.44,13.75,-5.20,2.43,0.22,0.00
27692,-10.51,0.39,17.50,-5.11,2.90,0.04,0.00
27701,-10.39,0.34,12.50,-5.24,1.09,-0.51,0.00
27711,-10.23,0.29,16.25,-5.25,2.15,-0.07,0.00
27721,-10.09,0.23,13.75,-5.22,1.46,-0.07,0.00
27731,-9.96,0.19,12.50,-4.71,1.38,0.10,0.00
27741,-9.86,0.15,10.00,-3.80,1.49,0.57,0.00
27751,-9.76,0.12,10.00,-3.04,2.40,1.34,0.00
27761,-9.66,0.10,10.00,-2.22,1.98,0.72,0.00
27771,-9.55,0.07,11.25,-2.50,1.33,-0.03,0.00
27781,-9.45,0.04,10.00,-2.98,0.65,-0.19,0.00
27791,-9.35,0.01,10.00,-3.49,-0.52,-0.29,0.00
27801,-9.29,-0.03,6.25,-3.40,-0.70,0.41,0.00
27811,-9.25,-0.05,3.75,-2.22,-1.10,0.23,0.00
27822,-9.24,-0.04,1.25,1.26,0.57,0.46,0.00
27832,-9.25,-0.01,-1.25,2.86,-0.51,0.10,0.00
27842,-9.25,0.02,0.00,2.72,0.60,0.10,0.00
27852,-9.25,0.04,0.00,2.06,0.49,0.13,0.00
27863,-9.25,0.05,0.00,1.48,-0.48,0.08,0.00
27872,-9.25,0.07,0.00,1.15,-0.52,0.11,0.00
27882,-9.26,0.08,-1.25,0.96,0.68,0.81,0.00
27892,-9.26,0.08,0.00,0.49,-0.93,-0.14,0.00
27902,-9.26,0.09,0.00,0.86,0.40,0.25,0.00
27912,-9.27,0.10,-1.25,0.80,-1.58,-0.68,0.00
27922,-9.29,0.10,-1.25,0.58,0.56,0.72,0.00
27932,-9.29,0.11,0.00,0.73,0.52,0.34,0.00
27942,-9.29,0.12,0.00,1.12,1.33,0.98,0.00
27952,-9.29,0.13,0.00,0.54,0.47,0.29,0.00
27962,-9.27,0.13,1.25,-0.10,0.80,0.57,0.00
27972,-9.25,0.11,2.50,-1.34,-1.14,-0.39,0.00
27982,-9.25,0.09,0.00,-1.83,-0.95,0.54,0.00
27993,-9.23,0.08,2.50,-1.66,-0.74,0.23,0.00
28003,-9.23,0.07,0.00,-0.51,-2.43,-1.30,0.00
28013,-9.23,0.07,0.00,-0.44,-1.12,0.01,0.00
28023,-9.23,0.06,0.00,-1.13,-1.18,0.22,0.00
28034,-9.23,0.05,0.00,-0.98,-1.54,-0.16,0.00
28043,-9.23,0.04,0.00,-1.08,-1.17,0.28,0.00
28053,-9.23,0.02,0.00,-1.45,-1.44,0.18,0.00
28064,-9.23,0.01,0.00,-1.41,-2.48,-0.82,0.00
28073,-9.23,-0.01,0.00,-1.57,-1.58,0.18,0.00
28083,-9.23,-0.03,0.00,-1.83,-1.91,0.00,0.00
28093,-9.23,-0.05,0.00,-1.90,-2.77,-0.77,0.00
28103,-9.24,-0.07,-1.25,-2.22,-3.44,-0.99,0.00
28113,-9.29,-0.08,-5.00,-1.05,-2.56,0.34,0.00
28123,-9.34,-0.07,-5.00,0.58,-1.84,0.52,0.00
28133,-9.40,-0.06,-6.25,1.43,-1.74,0.57,0.00
28143,-9.49,-0.05,-8.75,1.20,-3.03,-0.16,0.00
28153,-9.56,-0.04,-7.50,0.91,-3.28,-0.61,0.00
28163,-9.65,-0.03,-8.75,0.87,-3.00,-0.08,0.00
28173,-9.76,-0.01,-11.25,2.02,-2.95,0.07,0.00
28183,-9.89,0.02,-12.50,2.74,-3.67,-0.70,0.00
28193,-10.00,0.05,-11.25,3.02,-2.05,0.48,0.00
28204,-10.14,0.08,-13.75,3.47,-3.51,-0.72,0.00
28213,-10.26,0.12,-12.50,3.53,-1.52,0.88,0.00
28223,-10.39,0.15,-12.50,3.00,-1.92,0.55,0.00
28233,-10.51,0.18,-12.50,3.04,-1.50,0.87,0.00
28243,-10.63,0.20,-11.25,2.48,-1.86,0.34,0.00
28253,-10.71,0.22,-8.75,1.99,-1.72,0.06,0.00
28263,-10.81,0.23,-10.00,0.79,-2.40,0.01,0.00
28273,-10.91,0.23,-10.00,0.21,-2.50,0.09,0.00
28283,-11.01,0.23,-10.00,-0.14,-2.38,0.34,0.00
28293,-11.11,0.24,-10.00,0.37,-1.86,0.69,0.00
28303,-11.23,0.25,-11.25,1.57,-2.78,-0.39,0.00
28313,-11.32,0.26,-10.00,1.22,-2.07,0.13,0.00
28323,-11.45,0.27,-12.50,0.91,-2.81,-0.01,0.00
28334,-11.56,0.29,-11.25,1.22,-2.51,-0.10,0.00
28344,-11.69,0.30,-12.50,1.41,-2.62,-0.05,0.00
28354,-11.81,0.32,-12.50,2.09,-1.86,0.43,0.00
28365,-11.94,0.34,-12.50,2.15,-2.22,-0.01,0.00
28375,-12.05,0.36,-11.25,2.20,-1.75,0.12,0.00
28384,-12.16,0.38,-11.25,1.87,-3.27,-1.36,0.00
28394,-12.29,0.39,-12.50,1.06,-2.23,0.18,0.00
28404,-12.41,0.41,-12.50,1.26,-2.65,-0.34,0.00
28414,-12.55,0.42,-13.75,1.78,-3.12,-0.76,0.00
28424,-12.66,0.44,-11.25,2.04,-1.37,0.33,0.00
28434,-12.81,0.47,-15.00,2.55,-2.15,0.09,0.00
28444,-12.94,0.50,-12.50,3.07,-1.09,0.36,0.00
28454,-13.05,0.53,-11.25,2.93,-2.26,-1.12,0.00
28464,-13.14,0.55,-8.75,1.83,-0.79,0.13,0.00
28474,-13.26,0.56,-12.50,0.89,-1.59,0.40,0.00
28484,-13.34,0.56,-7.50,0.68,-1.84,-0.86,0.00
28494,-13.44,0.56,-10.00,-0.02,-1.72,0.02,0.00
28505,-13.54,0.56,-10.00,-0.07,-2.15,-0.38,0.00
28515,-13.63,0.56,-8.75,0.00,-1.16,0.33,0.00
28526,-13.73,0.56,-10.00,0.05,-1.37,0.38,0.00
28535,-13.81,0.57,-8.75,0.24,-1.38,0.04,0.00
28547,-13.89,0.57,-7.50,0.37,-1.13,-0.02,0.00
28555,-13.96,0.57,-7.50,0.49,-1.87,-0.81,0.00
28565,-14.04,0.58,-7.50,0.42,-2.26,-1.19,0.00
28575,-14.11,0.58,-7.50,-0.26,-1.52,-0.21,0.00
28585,-14.21,0.58,-10.00,-0.09,-1.62,0.18,0.00
28595,-14.29,0.58,-7.50,0.52,-0.47,0.60,0.00
28605,-14.38,0.59,-8.75,1.10,-1.63,-0.52,0.00
28615,-14.44,0.61,-6.25,1.33,-0.88,-0.41,0.00
28625,-14.51,0.61,-7.50,0.37,-1.59,-0.56,0.00
28635,-14.56,0.61,-5.00,-0.16,-0.58,0.11,0.00
28645,-14.64,0.61,-7.50,-0.17,-0.47,0.76,0.00
28655,-14.69,0.60,-5.00,-0.09,1.11,0.99,0.00
28666,-14.73,0.60,-3.75,-0.56,-0.98,-0.39,0.00
28675,-14.73,0.58,0.00,-1.57,1.00,0.39,0.00
28685,-14.73,0.55,0.00,-3.51,-0.82,0.11,0.00
28695,-14.71,0.51,1.25,-3.73,-1.84,-0.97,0.00
28705,-14.71,0.47,0.00,-3.60,-0.43,0.78,0.00
28716,-14.71,0.44,0.00,-3.42,-2.40,-1.12,0.00
28726,-14.71,0.41,0.00,-3.32,-1.18,0.18,0.00
28735,-14.71,0.38,0.00,-3.25,-0.72,0.73,0.00
28746,-14.71,0.35,0.00,-2.98,-0.75,0.72,0.00
28755,-14.71,0.32,0.00,-2.72,-1.49,-0.00,0.00
28765,-14.71,0.29,0.00,-3.09,-1.63,0.08,0.00
28775,-14.71,0.25,0.00,-3.26,-2.40,-0.53,0.00
28785,-14.71,0.22,0.00,-3.09,-2.50,-0.57,0.00
28795,-14.71,0.19,0.00,-3.25,-1.89,0.20,0.00
28805,-14.71,0.16,0.00,-3.46,-2.23,0.05,0.00
28815,-14.73,0.12,-1.25,-3.42,-2.27,0.38,0.00
28825,-14.76,0.09,-3.75,-3.39,-3.44,-0.15,0.00
28835,-14.82,0.07,-6.25,-2.22,-3.99,-0.46,0.00
28846,-14.91,0.06,-8.75,-0.61,-4.08,-0.52,0.00
28856,-15.01,0.08,-10.00,1.73,-2.58,0.44,0.00
28866,-15.15,0.11,-13.75,3.28,-3.26,-0.05,0.00
28876,-15.29,0.15,-13.75,3.89,-2.34,0.55,0.00
28887,-15.45,0.19,-16.25,3.77,-2.06,1.28,0.00
28896,-15.57,0.23,-12.50,3.84,-1.26,1.15,0.00
28907,-15.71,0.26,-13.75,3.16,-2.31,0.48,0.00
28916,-15.81,0.28,-10.00,2.79,-1.90,0.13,0.00
28928,-15.93,0.31,-11.25,2.09,-2.17,0.28,0.00
28936,-16.02,0.32,-10.00,1.31,-2.27,0.13,0.00
28946,-16.15,0.33,-12.50,0.87,-2.54,0.51,0.00
28956,-16.26,0.33,-11.25,0.72,-2.95,-0.13,0.00
28966,-16.37,0.35,-11.25,1.75,-2.07,0.37,0.00
28976,-16.50,0.37,-12.50,1.92,-2.55,0.05,0.00
28986,-16.62,0.40,-12.50,2.50,-2.49,-0.15,0.00
28996,-16.74,0.42,-11.25,2.34,-2.94,-0.88,0.00
29006,-16.89,0.45,-15.00,2.64,-2.97,-0.30,0.00
29017,-17.02,0.47,-13.75,2.76,-2.21,0.07,0.00
29027,-17.17,0.51,-15.00,3.39,-1.46,0.78,0.00
29037,-17.31,0.55,-13.75,3.77,-2.00,-0.26,0.00
29048,-17.44,0.58,-12.50,3.72,-0.90,0.47,0.00
29058,-17.54,0.61,-10.00,2.76,-1.64,-0.58,0.00
29067,-17.64,0.63,-10.00,1.99,-1.32,-0.07,0.00
29077,-17.74,0.64,-10.00,1.33,-1.72,-0.30,0.00
29088,-17.82,0.65,-8.75,0.91,-1.58,-0.31,0.00
29097,-17.91,0.66,-8.75,0.70,-1.31,0.01,0.00
29107,-18.00,0.67,-8.75,0.96,0.68,1.09,0.00
29117,-18.07,0.68,-7.50,1.12,-1.21,-0.34,0.00
29127,-18.11,0.68,-3.75,0.31,-0.84,-0.52,0.00
29137,-18.12,0.67,-1.25,-1.38,0.93,0.52,0.00
29147,-18.15,0.64,-2.50,-2.91,-1.56,-0.31,0.00
29157,-18.14,0.61,1.25,-3.30,-0.80,-0.10,0.00
29167,-18.14,0.57,0.00,-3.72,0.80,1.23,0.00
29177,-18.14,0.54,0.00,-3.40,-1.22,0.03,0.00
29187,-18.14,0.50,0.00,-3.23,-1.04,0.26,0.00
29197,-18.14,0.47,0.00,-3.18,-1.45,-0.05,0.00
29207,-18.14,0.44,0.00,-3.07,-1.43,0.04,0.00
29217,-18.14,0.41,0.00,-2.97,-1.92,-0.38,0.00
29228,-18.14,0.38,0.00,-2.83,-1.98,-0.38,0.00
29237,-18.14,0.35,0.00,-2.84,-1.71,-0.01,0.00
29247,-18.14,0.33,0.00,-2.88,-2.07,-0.26,0.00
29257,-18.14,0.30,0.00,-3.09,-1.66,0.33,0.00
29268,-18.14,0.27,0.00,-2.93,-1.42,0.62,0.00
29277,-18.16,0.24,-2.50,-2.64,-2.00,0.56,0.00
29287,-18.21,0.22,-5.00,-2.16,-2.81,0.21,0.00
29297,-18.26,0.21,-5.00,-1.27,-3.13,-0.35,0.00
29307,-18.32,0.20,-6.25,-0.10,-2.50,0.18,0.00
29317,-18.41,0.21,-8.75,0.98,-1.99,0.84,0.00
29327,-18.52,0.23,-11.25,2.06,-3.94,-0.99,0.00
29337,-18.64,0.26,-11.25,2.20,-3.82,-0.98,0.00
29347,-18.79,0.29,-15.00,2.88,-3.33,-0.00,0.00
29358,-18.95,0.33,-16.25,4.63,-2.24,0.64,0.00
29368,-19.10,0.39,-15.00,5.43,-2.68,-0.50,0.00
29378,-19.25,0.44,-15.00,5.59,-1.54,0.41,0.00
29389,-19.40,0.50,-15.00,5.57,-2.10,-0.33,0.00
29399,-19.54,0.54,-13.75,4.66,-1.55,0.10,0.00
29408,-19.65,0.58,-11.25,3.94,-1.41,-0.18,0.00
29418,-19.76,0.62,-11.25,3.35,-1.76,-0.45,0.00
29428,-19.87,0.64,-11.25,2.79,-1.65,-0.25,0.00
29438,-19.99,0.67,-11.25,2.36,-2.15,-0.69,0.00
29448,-20.06,0.69,-7.50,2.53,-0.64,-0.10,0.00
29458,-20.17,0.72,-11.25,2.65,-1.11,0.10,0.00
29468,-20.25,0.75,-7.50,2.91,0.94,0.38,0.00
29478,-20.31,0.77,-6.25,1.99,1.24,0.65,0.00
29489,-20.35,0.78,-3.75,1.17,1.60,0.71,0.00
29498,-20.35,0.77,0.00,-0.87,1.44,0.45,0.00
29508,-20.34,0.74,1.25,-3.02,-0.98,-0.64,0.00
29518,-20.31,0.71,2.50,-3.11,0.82,0.23,0.00
29530,-20.31,0.68,0.00,-2.98,0.48,0.48,0.00
29539,-20.30,0.66,1.25,-2.25,-0.46,-0.08,0.00
29549,-20.29,0.64,1.25,-1.80,-0.76,-0.46,0.00
29559,-20.29,0.63,0.00,-1.48,-0.49,0.02,0.00
29571,-20.29,0.61,0.00,-1.33,-0.81,-0.30,0.00
29579,-20.29,0.60,0.00,-0.98,-0.44,-0.01,0.00
29589,-20.29,0.60,0.00,-0.31,0.91,0.34,0.00
29599,-20.29,0.60,0.00,0.21,-0.46,-0.41,0.00
29609,-20.27,0.60,1.25,-0.09,1.16,0.25,0.00
29619,-20.27,0.60,0.00,-0.33,0.88,0.32,0.00
29629,-20.27,0.60,0.00,0.00,-0.41,-0.27,0.00
29639,-20.25,0.60,2.50,-0.10,1.30,0.15,0.00
29649,-20.25,0.59,0.00,-0.14,0.49,-0.12,0.00
29659,-20.25,0.60,0.00,0.14,-0.69,-0.60,0.00
29669,-20.25,0.60,0.00,0.58,0.52,-0.35,0.00
29679,-20.27,0.61,-2.50,1.13,0.91,0.35,0.00
29689,-20.27,0.63,0.00,1.61,0.93,-0.36,0.00
29699,-20.27,0.65,0.00,1.62,2.10,0.75,0.00
29709,-20.27,0.66,0.00,1.17,0.81,-0.44,0.00
29719,-20.27,0.67,0.00,0.86,1.76,0.58,0.00
29729,-20.27,0.68,0.00,1.03,2.04,0.77,0.00
29740,-20.27,0.69,0.00,1.41,1.14,-0.31,0.00
29749,-20.27,0.71,0.00,1.59,2.18,0.62,0.00
29759,-20.27,0.72,0.00,1.57,2.25,0.64,0.00
29769,-20.27,0.74,0.00,1.99,2.19,0.38,0.00
29779,-20.27,0.76,0.00,2.01,1.65,-0.24,0.00
29790,-20.26,0.78,1.25,1.75,2.57,0.44,0.00
29799,-20.25,0.79,1.25,1.55,2.66,0.54,0.00
29810,-20.20,0.80,5.00,0.31,2.10,-0.42,0.00
29819,-20.12,0.79,7.50,-0.86,2.70,0.04,0.00
29829,-20.05,0.77,7.50,-1.69,2.47,0.14,0.00
29839,-19.96,0.76,8.75,-1.64,2.49,-0.08,0.00
29849,-19.86,0.73,10.00,-2.83,1.95,-0.41,0.00
29859,-19.76,0.70,10.00,-2.65,2.20,-0.13,0.00
29870,-19.66,0.67,10.00,-2.95,2.83,0.69,0.00
29880,-19.54,0.65,12.50,-2.69,2.59,-0.07,0.00
29890,-19.41,0.62,12.50,-2.65,3.32,0.73,0.00
29900,-19.29,0.58,12.50,-3.51,1.04,-1.17,0.00
29911,-19.16,0.54,12.50,-4.00,1.90,-0.02,0.00
29920,-19.06,0.50,10.00,-4.22,1.37,0.18,0.00
29930,-18.96,0.46,10.00,-3.86,0.82,-0.36,0.00
29940,-18.86,0.44,10.00,-2.36,1.63,0.04,0.00
29950,-18.79,0.43,7.50,-1.40,0.60,-0.73,0.00
29960,-18.71,0.42,7.50,-0.58,1.49,-0.08,0.00
29970,-18.64,0.41,7.50,-0.54,1.35,-0.22,0.00
29980,-18.57,0.42,6.25,0.14,1.60,0.06,0.00
29990,-18.50,0.42,7.50,0.10,1.86,0.06,0.00
30000,-18.44,0.41,6.25,-0.24,0.70,-0.73,0.00
30010,-18.37,0.41,6.25,-0.87,1.99,0.79,0.00
30020,-18.31,0.40,6.25,-0.91,1.03,-0.13,0.00
30030,-18.25,0.39,6.25,-0.72,1.41,0.21,0.00
30041,-18.17,0.38,7.50,-0.54,1.29,-0.21,0.00
30051,-18.10,0.38,7.50,-0.21,1.12,-0.49,0.00
30061,-18.05,0.37,5.00,-0.70,0.68,-0.23,0.00
30071,-17.99,0.37,6.25,-0.44,1.25,-0.00,0.00
30082,-17.94,0.36,5.00,-0.56,0.79,-0.14,0.00
30091,-17.89,0.36,5.00,-0.56,0.46,-0.46,0.00
30101,-17.84,0.35,5.00,-0.52,0.92,0.01,0.00
30111,-17.80,0.38,3.75,2.43,1.84,0.16,0.00
30121,-17.77,0.40,2.50,1.82,1.25,-0.04,0.00
30131,-17.77,0.41,0.00,1.29,-1.08,-0.93,0.00
30141,-17.77,0.43,0.00,2.25,1.99,0.96,0.00
30152,-17.81,0.48,-3.75,5.15,-0.41,-0.95,0.00
30161,-17.85,0.56,-3.75,7.49,2.56,0.20,0.00
30172,-17.86,0.66,-1.25,9.79,4.25,0.29,0.00
30181,-17.87,0.79,-1.25,13.00,5.34,-0.10,0.00
30192,-17.89,0.93,-1.25,14.63,6.29,-0.18,0.00
30201,-17.89,1.09,0.00,15.62,7.62,0.02,0.00
30211,-17.89,1.23,0.00,13.75,7.69,0.21,0.00
30221,-17.89,1.35,0.00,11.99,7.80,0.47,0.00
30232,-17.89,1.44,0.00,9.27,7.30,0.51,0.00
30241,-17.89,1.52,0.00,7.75,7.04,0.46,0.00
30252,-17.89,1.59,0.00,7.10,6.42,-0.20,0.00
30261,-17.89,1.65,0.00,6.41,6.39,-0.23,0.00
